
  5.00000E+01 -5.00000E+01  2.11117E-02
  1.50000E+02 -5.00000E+01  2.08943E-02
  2.50000E+02 -5.00000E+01  2.34271E-02
  3.50000E+02 -5.00000E+01  2.21637E-02
  4.50000E+02 -5.00000E+01  2.16641E-02
  5.50000E+02 -5.00000E+01  2.35258E-02
  6.50000E+02 -5.00000E+01  2.40186E-02
  7.50000E+02 -5.00000E+01  2.86274E-02
  8.50000E+02 -5.00000E+01  2.65930E-02
  9.50000E+02 -5.00000E+01  2.36206E-02
  1.05000E+03 -5.00000E+01  2.70665E-02
  1.15000E+03 -5.00000E+01  2.55023E-02
  1.25000E+03 -5.00000E+01  1.46055E-02
  1.35000E+03 -5.00000E+01  4.46766E-03
  1.45000E+03 -5.00000E+01  1.23326E-02
  1.55000E+03 -5.00000E+01  1.33239E-02
  1.65000E+03 -5.00000E+01  1.26968E-02
  1.75000E+03 -5.00000E+01  6.13310E-03
  1.85000E+03 -5.00000E+01  9.38753E-03
  1.95000E+03 -5.00000E+01  1.67259E-02
  2.05000E+03 -5.00000E+01  9.17546E-03
  2.15000E+03 -5.00000E+01  2.72145E-03
  2.25000E+03 -5.00000E+01  4.73225E-03
  2.35000E+03 -5.00000E+01  8.67884E-03
  2.45000E+03 -5.00000E+01  1.18761E-02
  2.55000E+03 -5.00000E+01  1.00142E-02
  2.65000E+03 -5.00000E+01  6.13046E-03
  2.75000E+03 -5.00000E+01  8.13911E-03
  2.85000E+03 -5.00000E+01  1.70248E-02
  2.95000E+03 -5.00000E+01  2.30867E-02
  3.05000E+03 -5.00000E+01  2.33787E-02
  3.15000E+03 -5.00000E+01  2.49436E-02
  3.25000E+03 -5.00000E+01  2.75895E-02
  3.35000E+03 -5.00000E+01  2.47391E-02
  3.45000E+03 -5.00000E+01  2.32334E-02
  3.55000E+03 -5.00000E+01  2.11299E-02
  3.65000E+03 -5.00000E+01  2.11803E-02
  3.75000E+03 -5.00000E+01  2.06186E-02
  3.85000E+03 -5.00000E+01  1.94452E-02
  3.95000E+03 -5.00000E+01  1.95804E-02
  5.00000E+01 -1.50000E+02  2.18711E-02
  1.50000E+02 -1.50000E+02  2.19673E-02
  2.50000E+02 -1.50000E+02  2.33203E-02
  3.50000E+02 -1.50000E+02  2.14182E-02
  4.50000E+02 -1.50000E+02  2.23458E-02
  5.50000E+02 -1.50000E+02  2.02415E-02
  6.50000E+02 -1.50000E+02  2.14213E-02
  7.50000E+02 -1.50000E+02  2.27463E-02
  8.50000E+02 -1.50000E+02  2.80969E-02
  9.50000E+02 -1.50000E+02  2.30782E-02
  1.05000E+03 -1.50000E+02  1.66013E-02
  1.15000E+03 -1.50000E+02  1.27578E-02
  1.25000E+03 -1.50000E+02  7.90068E-03
  1.35000E+03 -1.50000E+02  1.16854E-02
  1.45000E+03 -1.50000E+02  1.12738E-02
  1.55000E+03 -1.50000E+02  8.69801E-03
  1.65000E+03 -1.50000E+02  1.96794E-02
  1.75000E+03 -1.50000E+02  6.08805E-03
  1.85000E+03 -1.50000E+02  6.95204E-03
  1.95000E+03 -1.50000E+02  2.09119E-02
  2.05000E+03 -1.50000E+02  8.91908E-03
  2.15000E+03 -1.50000E+02  5.14478E-03
  2.25000E+03 -1.50000E+02  8.32135E-03
  2.35000E+03 -1.50000E+02  1.22001E-02
  2.45000E+03 -1.50000E+02  4.10585E-03
  2.55000E+03 -1.50000E+02  1.13169E-02
  2.65000E+03 -1.50000E+02  9.97122E-03
  2.75000E+03 -1.50000E+02  7.26313E-03
  2.85000E+03 -1.50000E+02  1.08055E-02
  2.95000E+03 -1.50000E+02  1.54335E-02
  3.05000E+03 -1.50000E+02  2.18904E-02
  3.15000E+03 -1.50000E+02  2.53511E-02
  3.25000E+03 -1.50000E+02  2.51278E-02
  3.35000E+03 -1.50000E+02  2.26999E-02
  3.45000E+03 -1.50000E+02  2.01537E-02
  3.55000E+03 -1.50000E+02  2.06525E-02
  3.65000E+03 -1.50000E+02  1.88957E-02
  3.75000E+03 -1.50000E+02  1.87157E-02
  3.85000E+03 -1.50000E+02  1.72946E-02
  3.95000E+03 -1.50000E+02  1.80218E-02
  5.00000E+01 -2.50000E+02  1.87011E-02
  1.50000E+02 -2.50000E+02  1.83479E-02
  2.50000E+02 -2.50000E+02  1.80145E-02
  3.50000E+02 -2.50000E+02  1.65614E-02
  4.50000E+02 -2.50000E+02  1.51223E-02
  5.50000E+02 -2.50000E+02  1.71788E-02
  6.50000E+02 -2.50000E+02  1.76732E-02
  7.50000E+02 -2.50000E+02  1.86620E-02
  8.50000E+02 -2.50000E+02  1.70402E-02
  9.50000E+02 -2.50000E+02  1.34699E-02
  1.05000E+03 -2.50000E+02  1.09889E-02
  1.15000E+03 -2.50000E+02  1.22922E-02
  1.25000E+03 -2.50000E+02  1.35971E-02
  1.35000E+03 -2.50000E+02  1.25833E-02
  1.45000E+03 -2.50000E+02  9.50272E-03
  1.55000E+03 -2.50000E+02  9.66043E-03
  1.65000E+03 -2.50000E+02  1.14700E-02
  1.75000E+03 -2.50000E+02  9.08506E-03
  1.85000E+03 -2.50000E+02  8.19552E-03
  1.95000E+03 -2.50000E+02  1.03373E-02
  2.05000E+03 -2.50000E+02  8.79128E-03
  2.15000E+03 -2.50000E+02  1.02423E-02
  2.25000E+03 -2.50000E+02  1.26351E-02
  2.35000E+03 -2.50000E+02  1.57543E-02
  2.45000E+03 -2.50000E+02  1.94122E-03
  2.55000E+03 -2.50000E+02  1.13582E-02
  2.65000E+03 -2.50000E+02  1.44463E-02
  2.75000E+03 -2.50000E+02  8.95739E-03
  2.85000E+03 -2.50000E+02  1.54666E-02
  2.95000E+03 -2.50000E+02  1.69464E-02
  3.05000E+03 -2.50000E+02  1.73804E-02
  3.15000E+03 -2.50000E+02  1.83233E-02
  3.25000E+03 -2.50000E+02  1.74742E-02
  3.35000E+03 -2.50000E+02  1.65100E-02
  3.45000E+03 -2.50000E+02  1.49476E-02
  3.55000E+03 -2.50000E+02  1.63936E-02
  3.65000E+03 -2.50000E+02  1.77492E-02
  3.75000E+03 -2.50000E+02  1.70103E-02
  3.85000E+03 -2.50000E+02  1.67276E-02
  3.95000E+03 -2.50000E+02  1.60040E-02
  5.00000E+01 -3.50000E+02  1.53377E-02
  1.50000E+02 -3.50000E+02  1.65174E-02
  2.50000E+02 -3.50000E+02  1.65313E-02
  3.50000E+02 -3.50000E+02  1.49897E-02
  4.50000E+02 -3.50000E+02  1.40291E-02
  5.50000E+02 -3.50000E+02  1.33134E-02
  6.50000E+02 -3.50000E+02  1.05719E-02
  7.50000E+02 -3.50000E+02  1.18017E-02
  8.50000E+02 -3.50000E+02  1.47970E-02
  9.50000E+02 -3.50000E+02  1.83360E-02
  1.05000E+03 -3.50000E+02  2.33105E-02
  1.15000E+03 -3.50000E+02  1.45498E-02
  1.25000E+03 -3.50000E+02  1.36046E-02
  1.35000E+03 -3.50000E+02  6.20866E-03
  1.45000E+03 -3.50000E+02  1.13552E-02
  1.55000E+03 -3.50000E+02  1.56597E-02
  1.65000E+03 -3.50000E+02  1.15694E-02
  1.75000E+03 -3.50000E+02  1.47157E-02
  1.85000E+03 -3.50000E+02  1.58358E-02
  1.95000E+03 -3.50000E+02  8.38036E-03
  2.05000E+03 -3.50000E+02  1.86751E-02
  2.15000E+03 -3.50000E+02  1.07974E-02
  2.25000E+03 -3.50000E+02  1.78720E-02
  2.35000E+03 -3.50000E+02  7.67347E-03
  2.45000E+03 -3.50000E+02  7.50780E-03
  2.55000E+03 -3.50000E+02  1.50977E-02
  2.65000E+03 -3.50000E+02  1.04640E-02
  2.75000E+03 -3.50000E+02  1.62058E-02
  2.85000E+03 -3.50000E+02  1.56657E-02
  2.95000E+03 -3.50000E+02  1.93046E-02
  3.05000E+03 -3.50000E+02  1.51368E-02
  3.15000E+03 -3.50000E+02  1.38419E-02
  3.25000E+03 -3.50000E+02  1.22207E-02
  3.35000E+03 -3.50000E+02  1.24454E-02
  3.45000E+03 -3.50000E+02  1.24880E-02
  3.55000E+03 -3.50000E+02  1.36424E-02
  3.65000E+03 -3.50000E+02  1.25814E-02
  3.75000E+03 -3.50000E+02  1.29601E-02
  3.85000E+03 -3.50000E+02  1.45828E-02
  3.95000E+03 -3.50000E+02  1.48264E-02
  5.00000E+01 -4.50000E+02  1.50403E-02
  1.50000E+02 -4.50000E+02  1.34328E-02
  2.50000E+02 -4.50000E+02  1.25088E-02
  3.50000E+02 -4.50000E+02  1.09672E-02
  4.50000E+02 -4.50000E+02  9.59060E-03
  5.50000E+02 -4.50000E+02  1.09893E-02
  6.50000E+02 -4.50000E+02  1.30071E-02
  7.50000E+02 -4.50000E+02  1.81519E-02
  8.50000E+02 -4.50000E+02  2.49819E-02
  9.50000E+02 -4.50000E+02  2.94481E-02
  1.05000E+03 -4.50000E+02  2.20622E-02
  1.15000E+03 -4.50000E+02  1.83540E-02
  1.25000E+03 -4.50000E+02  8.61251E-03
  1.35000E+03 -4.50000E+02  5.05048E-03
  1.45000E+03 -4.50000E+02  1.48632E-02
  1.55000E+03 -4.50000E+02  2.25251E-02
  1.65000E+03 -4.50000E+02  1.51318E-02
  1.75000E+03 -4.50000E+02  1.03040E-02
  1.85000E+03 -4.50000E+02  6.98380E-03
  1.95000E+03 -4.50000E+02  1.24313E-02
  2.05000E+03 -4.50000E+02  1.15927E-02
  2.15000E+03 -4.50000E+02  1.53412E-02
  2.25000E+03 -4.50000E+02  1.03234E-02
  2.35000E+03 -4.50000E+02  1.63771E-02
  2.45000E+03 -4.50000E+02  1.79473E-02
  2.55000E+03 -4.50000E+02  6.63712E-03
  2.65000E+03 -4.50000E+02  7.91965E-03
  2.75000E+03 -4.50000E+02  1.72482E-02
  2.85000E+03 -4.50000E+02  2.10240E-02
  2.95000E+03 -4.50000E+02  2.34107E-02
  3.05000E+03 -4.50000E+02  2.05048E-02
  3.15000E+03 -4.50000E+02  1.82309E-02
  3.25000E+03 -4.50000E+02  1.33286E-02
  3.35000E+03 -4.50000E+02  1.19410E-02
  3.45000E+03 -4.50000E+02  1.15320E-02
  3.55000E+03 -4.50000E+02  1.27574E-02
  3.65000E+03 -4.50000E+02  1.27207E-02
  3.75000E+03 -4.50000E+02  1.29161E-02
  3.85000E+03 -4.50000E+02  1.21373E-02
  3.95000E+03 -4.50000E+02  1.28180E-02
  5.00000E+01 -5.50000E+02  1.28244E-02
  1.50000E+02 -5.50000E+02  1.29257E-02
  2.50000E+02 -5.50000E+02  1.65209E-02
  3.50000E+02 -5.50000E+02  1.68743E-02
  4.50000E+02 -5.50000E+02  1.60616E-02
  5.50000E+02 -5.50000E+02  1.84212E-02
  6.50000E+02 -5.50000E+02  2.27482E-02
  7.50000E+02 -5.50000E+02  2.34945E-02
  8.50000E+02 -5.50000E+02  2.05694E-02
  9.50000E+02 -5.50000E+02  2.55483E-02
  1.05000E+03 -5.50000E+02  2.83049E-02
  1.15000E+03 -5.50000E+02  2.43713E-02
  1.25000E+03 -5.50000E+02  1.54531E-02
  1.35000E+03 -5.50000E+02  1.94054E-02
  1.45000E+03 -5.50000E+02  2.35571E-02
  1.55000E+03 -5.50000E+02  1.71604E-02
  1.65000E+03 -5.50000E+02  4.95035E-03
  1.75000E+03 -5.50000E+02  1.00818E-02
  1.85000E+03 -5.50000E+02  1.67225E-02
  1.95000E+03 -5.50000E+02  1.95083E-02
  2.05000E+03 -5.50000E+02  1.00522E-02
  2.15000E+03 -5.50000E+02  1.52865E-02
  2.25000E+03 -5.50000E+02  1.06353E-02
  2.35000E+03 -5.50000E+02  5.29615E-03
  2.45000E+03 -5.50000E+02  1.86518E-02
  2.55000E+03 -5.50000E+02  1.40086E-02
  2.65000E+03 -5.50000E+02  1.60051E-02
  2.75000E+03 -5.50000E+02  1.59136E-02
  2.85000E+03 -5.50000E+02  2.11948E-02
  2.95000E+03 -5.50000E+02  2.60792E-02
  3.05000E+03 -5.50000E+02  3.04243E-02
  3.15000E+03 -5.50000E+02  1.90002E-02
  3.25000E+03 -5.50000E+02  1.66881E-02
  3.35000E+03 -5.50000E+02  1.63339E-02
  3.45000E+03 -5.50000E+02  1.07754E-02
  3.55000E+03 -5.50000E+02  1.24225E-02
  3.65000E+03 -5.50000E+02  1.18552E-02
  3.75000E+03 -5.50000E+02  1.31272E-02
  3.85000E+03 -5.50000E+02  1.31217E-02
  3.95000E+03 -5.50000E+02  1.20446E-02
  5.00000E+01 -6.50000E+02  1.63663E-02
  1.50000E+02 -6.50000E+02  1.70198E-02
  2.50000E+02 -6.50000E+02  1.97838E-02
  3.50000E+02 -6.50000E+02  2.31585E-02
  4.50000E+02 -6.50000E+02  2.72928E-02
  5.50000E+02 -6.50000E+02  2.87623E-02
  6.50000E+02 -6.50000E+02  2.28192E-02
  7.50000E+02 -6.50000E+02  2.01228E-02
  8.50000E+02 -6.50000E+02  2.27714E-02
  9.50000E+02 -6.50000E+02  2.58782E-02
  1.05000E+03 -6.50000E+02  2.31323E-02
  1.15000E+03 -6.50000E+02  1.73977E-02
  1.25000E+03 -6.50000E+02  2.00813E-02
  1.35000E+03 -6.50000E+02  3.00243E-02
  1.45000E+03 -6.50000E+02  1.29803E-02
  1.55000E+03 -6.50000E+02  1.18437E-02
  1.65000E+03 -6.50000E+02  9.73923E-03
  1.75000E+03 -6.50000E+02  1.31861E-02
  1.85000E+03 -6.50000E+02  1.49591E-02
  1.95000E+03 -6.50000E+02  8.85503E-03
  2.05000E+03 -6.50000E+02  8.53647E-03
  2.15000E+03 -6.50000E+02  1.53645E-02
  2.25000E+03 -6.50000E+02  1.39261E-02
  2.35000E+03 -6.50000E+02  1.03922E-02
  2.45000E+03 -6.50000E+02  1.18190E-02
  2.55000E+03 -6.50000E+02  1.28382E-02
  2.65000E+03 -6.50000E+02  1.54486E-02
  2.75000E+03 -6.50000E+02  1.82936E-02
  2.85000E+03 -6.50000E+02  1.50358E-02
  2.95000E+03 -6.50000E+02  2.51303E-02
  3.05000E+03 -6.50000E+02  2.54606E-02
  3.15000E+03 -6.50000E+02  2.98200E-02
  3.25000E+03 -6.50000E+02  1.92806E-02
  3.35000E+03 -6.50000E+02  2.02853E-02
  3.45000E+03 -6.50000E+02  1.82021E-02
  3.55000E+03 -6.50000E+02  1.75504E-02
  3.65000E+03 -6.50000E+02  1.23080E-02
  3.75000E+03 -6.50000E+02  1.29282E-02
  3.85000E+03 -6.50000E+02  1.17989E-02
  3.95000E+03 -6.50000E+02  1.30178E-02
  5.00000E+01 -7.50000E+02  2.18586E-02
  1.50000E+02 -7.50000E+02  2.51652E-02
  2.50000E+02 -7.50000E+02  2.95105E-02
  3.50000E+02 -7.50000E+02  3.23860E-02
  4.50000E+02 -7.50000E+02  2.83901E-02
  5.50000E+02 -7.50000E+02  2.29280E-02
  6.50000E+02 -7.50000E+02  2.02017E-02
  7.50000E+02 -7.50000E+02  2.02190E-02
  8.50000E+02 -7.50000E+02  2.44525E-02
  9.50000E+02 -7.50000E+02  1.88091E-02
  1.05000E+03 -7.50000E+02  2.10441E-02
  1.15000E+03 -7.50000E+02  4.13098E-02
  1.25000E+03 -7.50000E+02  6.17171E-02
  1.35000E+03 -7.50000E+02  1.85909E-02
  1.45000E+03 -7.50000E+02  1.66009E-02
  1.55000E+03 -7.50000E+02  7.96523E-03
  1.65000E+03 -7.50000E+02  1.55745E-02
  1.75000E+03 -7.50000E+02  1.08551E-02
  1.85000E+03 -7.50000E+02  2.02419E-02
  1.95000E+03 -7.50000E+02  9.85105E-03
  2.05000E+03 -7.50000E+02  1.02295E-02
  2.15000E+03 -7.50000E+02  2.24867E-02
  2.25000E+03 -7.50000E+02  1.31782E-02
  2.35000E+03 -7.50000E+02  9.61975E-03
  2.45000E+03 -7.50000E+02  7.41903E-03
  2.55000E+03 -7.50000E+02  1.52591E-02
  2.65000E+03 -7.50000E+02  2.86887E-02
  2.75000E+03 -7.50000E+02  5.03183E-02
  2.85000E+03 -7.50000E+02  2.79934E-02
  2.95000E+03 -7.50000E+02  1.97554E-02
  3.05000E+03 -7.50000E+02  2.47716E-02
  3.15000E+03 -7.50000E+02  2.18171E-02
  3.25000E+03 -7.50000E+02  2.17652E-02
  3.35000E+03 -7.50000E+02  2.16556E-02
  3.45000E+03 -7.50000E+02  2.12151E-02
  3.55000E+03 -7.50000E+02  2.03410E-02
  3.65000E+03 -7.50000E+02  2.00525E-02
  3.75000E+03 -7.50000E+02  1.82803E-02
  3.85000E+03 -7.50000E+02  1.43877E-02
  3.95000E+03 -7.50000E+02  1.40788E-02
  5.00000E+01 -8.50000E+02  2.89005E-02
  1.50000E+02 -8.50000E+02  3.11334E-02
  2.50000E+02 -8.50000E+02  3.07294E-02
  3.50000E+02 -8.50000E+02  2.71038E-02
  4.50000E+02 -8.50000E+02  2.63567E-02
  5.50000E+02 -8.50000E+02  2.32593E-02
  6.50000E+02 -8.50000E+02  2.46855E-02
  7.50000E+02 -8.50000E+02  2.33192E-02
  8.50000E+02 -8.50000E+02  1.89938E-02
  9.50000E+02 -8.50000E+02  1.95350E-02
  1.05000E+03 -8.50000E+02  4.96716E-02
  1.15000E+03 -8.50000E+02  7.16874E-02
  1.25000E+03 -8.50000E+02  2.13688E-02
  1.35000E+03 -8.50000E+02  1.04733E-02
  1.45000E+03 -8.50000E+02  7.18288E-03
  1.55000E+03 -8.50000E+02  8.56350E-03
  1.65000E+03 -8.50000E+02  1.52360E-02
  1.75000E+03 -8.50000E+02  5.46018E-03
  1.85000E+03 -8.50000E+02  9.89298E-03
  1.95000E+03 -8.50000E+02  1.01578E-02
  2.05000E+03 -8.50000E+02  9.36288E-03
  2.15000E+03 -8.50000E+02  3.15407E-02
  2.25000E+03 -8.50000E+02  4.28748E-03
  2.35000E+03 -8.50000E+02  1.12453E-02
  2.45000E+03 -8.50000E+02  1.03937E-02
  2.55000E+03 -8.50000E+02  9.25220E-03
  2.65000E+03 -8.50000E+02  6.17289E-03
  2.75000E+03 -8.50000E+02  1.60776E-02
  2.85000E+03 -8.50000E+02  5.67537E-02
  2.95000E+03 -8.50000E+02  2.96710E-02
  3.05000E+03 -8.50000E+02  1.71972E-02
  3.15000E+03 -8.50000E+02  1.98315E-02
  3.25000E+03 -8.50000E+02  1.87514E-02
  3.35000E+03 -8.50000E+02  2.17793E-02
  3.45000E+03 -8.50000E+02  2.52694E-02
  3.55000E+03 -8.50000E+02  2.70659E-02
  3.65000E+03 -8.50000E+02  2.44306E-02
  3.75000E+03 -8.50000E+02  2.17405E-02
  3.85000E+03 -8.50000E+02  2.13432E-02
  3.95000E+03 -8.50000E+02  1.77292E-02
  5.00000E+01 -9.50000E+02  2.56766E-02
  1.50000E+02 -9.50000E+02  2.62549E-02
  2.50000E+02 -9.50000E+02  2.97766E-02
  3.50000E+02 -9.50000E+02  2.61132E-02
  4.50000E+02 -9.50000E+02  2.58235E-02
  5.50000E+02 -9.50000E+02  2.64062E-02
  6.50000E+02 -9.50000E+02  2.18153E-02
  7.50000E+02 -9.50000E+02  1.90736E-02
  8.50000E+02 -9.50000E+02  1.71953E-02
  9.50000E+02 -9.50000E+02  5.10975E-02
  1.05000E+03 -9.50000E+02  6.08820E-02
  1.15000E+03 -9.50000E+02  4.30742E-02
  1.25000E+03 -9.50000E+02  1.03334E-02
  1.35000E+03 -9.50000E+02  7.14784E-03
  1.45000E+03 -9.50000E+02  1.07586E-02
  1.55000E+03 -9.50000E+02  1.08526E-02
  1.65000E+03 -9.50000E+02  1.05592E-02
  1.75000E+03 -9.50000E+02  1.07153E-02
  1.85000E+03 -9.50000E+02  6.65337E-03
  1.95000E+03 -9.50000E+02  1.63447E-02
  2.05000E+03 -9.50000E+02  1.32407E-02
  2.15000E+03 -9.50000E+02  3.39078E-02
  2.25000E+03 -9.50000E+02  1.00027E-02
  2.35000E+03 -9.50000E+02  1.25302E-02
  2.45000E+03 -9.50000E+02  1.02926E-02
  2.55000E+03 -9.50000E+02  1.40267E-02
  2.65000E+03 -9.50000E+02  4.84126E-03
  2.75000E+03 -9.50000E+02  1.30354E-02
  2.85000E+03 -9.50000E+02  2.06752E-02
  2.95000E+03 -9.50000E+02  4.00779E-02
  3.05000E+03 -9.50000E+02  2.80148E-02
  3.15000E+03 -9.50000E+02  1.89480E-02
  3.25000E+03 -9.50000E+02  2.15586E-02
  3.35000E+03 -9.50000E+02  1.97332E-02
  3.45000E+03 -9.50000E+02  1.98777E-02
  3.55000E+03 -9.50000E+02  2.53763E-02
  3.65000E+03 -9.50000E+02  2.33509E-02
  3.75000E+03 -9.50000E+02  3.06519E-02
  3.85000E+03 -9.50000E+02  2.66959E-02
  3.95000E+03 -9.50000E+02  2.49642E-02
  5.00000E+01 -1.05000E+03  2.38144E-02
  1.50000E+02 -1.05000E+03  2.27273E-02
  2.50000E+02 -1.05000E+03  2.45928E-02
  3.50000E+02 -1.05000E+03  2.62487E-02
  4.50000E+02 -1.05000E+03  2.17980E-02
  5.50000E+02 -1.05000E+03  2.11464E-02
  6.50000E+02 -1.05000E+03  1.95236E-02
  7.50000E+02 -1.05000E+03  2.92048E-02
  8.50000E+02 -1.05000E+03  5.85936E-02
  9.50000E+02 -1.05000E+03  6.82117E-02
  1.05000E+03 -1.05000E+03  6.76230E-02
  1.15000E+03 -1.05000E+03  1.25258E-02
  1.25000E+03 -1.05000E+03  6.27166E-03
  1.35000E+03 -1.05000E+03  1.83650E-02
  1.45000E+03 -1.05000E+03  1.07254E-02
  1.55000E+03 -1.05000E+03  1.05395E-02
  1.65000E+03 -1.05000E+03  1.61961E-02
  1.75000E+03 -1.05000E+03  1.05402E-02
  1.85000E+03 -1.05000E+03  9.28997E-03
  1.95000E+03 -1.05000E+03  1.94748E-02
  2.05000E+03 -1.05000E+03  1.49960E-02
  2.15000E+03 -1.05000E+03  2.56735E-02
  2.25000E+03 -1.05000E+03  5.96677E-03
  2.35000E+03 -1.05000E+03  1.59918E-02
  2.45000E+03 -1.05000E+03  8.88183E-03
  2.55000E+03 -1.05000E+03  4.99983E-03
  2.65000E+03 -1.05000E+03  1.33470E-02
  2.75000E+03 -1.05000E+03  6.12394E-03
  2.85000E+03 -1.05000E+03  1.49685E-02
  2.95000E+03 -1.05000E+03  4.41297E-02
  3.05000E+03 -1.05000E+03  3.68900E-02
  3.15000E+03 -1.05000E+03  2.76844E-02
  3.25000E+03 -1.05000E+03  2.67193E-02
  3.35000E+03 -1.05000E+03  2.77658E-02
  3.45000E+03 -1.05000E+03  2.34663E-02
  3.55000E+03 -1.05000E+03  2.04013E-02
  3.65000E+03 -1.05000E+03  2.06978E-02
  3.75000E+03 -1.05000E+03  2.39775E-02
  3.85000E+03 -1.05000E+03  2.25067E-02
  3.95000E+03 -1.05000E+03  2.38196E-02
  5.00000E+01 -1.15000E+03  2.01105E-02
  1.50000E+02 -1.15000E+03  2.23672E-02
  2.50000E+02 -1.15000E+03  2.17407E-02
  3.50000E+02 -1.15000E+03  2.30463E-02
  4.50000E+02 -1.15000E+03  2.05848E-02
  5.50000E+02 -1.15000E+03  2.31620E-02
  6.50000E+02 -1.15000E+03  4.05431E-02
  7.50000E+02 -1.15000E+03  6.74796E-02
  8.50000E+02 -1.15000E+03  6.92300E-02
  9.50000E+02 -1.15000E+03  8.36315E-02
  1.05000E+03 -1.15000E+03  1.71541E-02
  1.15000E+03 -1.15000E+03  8.28138E-03
  1.25000E+03 -1.15000E+03  1.19221E-02
  1.35000E+03 -1.15000E+03  2.06344E-02
  1.45000E+03 -1.15000E+03  6.96166E-03
  1.55000E+03 -1.15000E+03  4.52944E-03
  1.65000E+03 -1.15000E+03  1.52403E-02
  1.75000E+03 -1.15000E+03  9.07270E-03
  1.85000E+03 -1.15000E+03  1.23351E-02
  1.95000E+03 -1.15000E+03  1.87750E-02
  2.05000E+03 -1.15000E+03  1.77626E-02
  2.15000E+03 -1.15000E+03  1.90104E-02
  2.25000E+03 -1.15000E+03  1.31545E-02
  2.35000E+03 -1.15000E+03  1.12073E-02
  2.45000E+03 -1.15000E+03  6.42753E-03
  2.55000E+03 -1.15000E+03  4.85602E-03
  2.65000E+03 -1.15000E+03  7.52498E-03
  2.75000E+03 -1.15000E+03  8.90405E-03
  2.85000E+03 -1.15000E+03  7.23129E-03
  2.95000E+03 -1.15000E+03  8.19512E-03
  3.05000E+03 -1.15000E+03  5.88641E-02
  3.15000E+03 -1.15000E+03  4.43479E-02
  3.25000E+03 -1.15000E+03  2.93915E-02
  3.35000E+03 -1.15000E+03  3.01763E-02
  3.45000E+03 -1.15000E+03  2.75865E-02
  3.55000E+03 -1.15000E+03  2.74045E-02
  3.65000E+03 -1.15000E+03  2.37865E-02
  3.75000E+03 -1.15000E+03  1.96875E-02
  3.85000E+03 -1.15000E+03  1.86362E-02
  3.95000E+03 -1.15000E+03  2.00397E-02
  5.00000E+01 -1.25000E+03  2.04061E-02
  1.50000E+02 -1.25000E+03  2.10986E-02
  2.50000E+02 -1.25000E+03  2.20313E-02
  3.50000E+02 -1.25000E+03  2.00974E-02
  4.50000E+02 -1.25000E+03  2.68141E-02
  5.50000E+02 -1.25000E+03  5.28568E-02
  6.50000E+02 -1.25000E+03  7.21645E-02
  7.50000E+02 -1.25000E+03  7.34331E-02
  8.50000E+02 -1.25000E+03  8.73678E-02
  9.50000E+02 -1.25000E+03  3.94524E-02
  1.05000E+03 -1.25000E+03  1.06398E-02
  1.15000E+03 -1.25000E+03  7.30018E-03
  1.25000E+03 -1.25000E+03  2.57442E-02
  1.35000E+03 -1.25000E+03  7.95639E-03
  1.45000E+03 -1.25000E+03  4.36823E-03
  1.55000E+03 -1.25000E+03  7.77922E-03
  1.65000E+03 -1.25000E+03  1.55048E-02
  1.75000E+03 -1.25000E+03  1.04270E-02
  1.85000E+03 -1.25000E+03  6.56748E-03
  1.95000E+03 -1.25000E+03  1.12289E-02
  2.05000E+03 -1.25000E+03  1.64526E-02
  2.15000E+03 -1.25000E+03  1.24522E-02
  2.25000E+03 -1.25000E+03  2.84035E-02
  2.35000E+03 -1.25000E+03  1.02356E-02
  2.45000E+03 -1.25000E+03  1.00885E-02
  2.55000E+03 -1.25000E+03  4.91625E-03
  2.65000E+03 -1.25000E+03  6.28313E-03
  2.75000E+03 -1.25000E+03  9.53891E-03
  2.85000E+03 -1.25000E+03  5.37743E-03
  2.95000E+03 -1.25000E+03  8.04593E-03
  3.05000E+03 -1.25000E+03  1.93957E-02
  3.15000E+03 -1.25000E+03  6.37352E-02
  3.25000E+03 -1.25000E+03  4.79232E-02
  3.35000E+03 -1.25000E+03  3.12442E-02
  3.45000E+03 -1.25000E+03  3.37795E-02
  3.55000E+03 -1.25000E+03  2.78376E-02
  3.65000E+03 -1.25000E+03  2.52530E-02
  3.75000E+03 -1.25000E+03  2.21584E-02
  3.85000E+03 -1.25000E+03  1.92892E-02
  3.95000E+03 -1.25000E+03  1.77789E-02
  5.00000E+01 -1.35000E+03  2.08576E-02
  1.50000E+02 -1.35000E+03  1.95518E-02
  2.50000E+02 -1.35000E+03  2.11376E-02
  3.50000E+02 -1.35000E+03  2.99250E-02
  4.50000E+02 -1.35000E+03  6.37765E-02
  5.50000E+02 -1.35000E+03  7.62038E-02
  6.50000E+02 -1.35000E+03  8.04948E-02
  7.50000E+02 -1.35000E+03  7.92610E-02
  8.50000E+02 -1.35000E+03  5.89029E-02
  9.50000E+02 -1.35000E+03  1.15095E-02
  1.05000E+03 -1.35000E+03  1.06458E-02
  1.15000E+03 -1.35000E+03  1.68328E-02
  1.25000E+03 -1.35000E+03  2.65637E-02
  1.35000E+03 -1.35000E+03  4.83059E-03
  1.45000E+03 -1.35000E+03  4.72604E-03
  1.55000E+03 -1.35000E+03  1.71428E-02
  1.65000E+03 -1.35000E+03  1.39632E-02
  1.75000E+03 -1.35000E+03  1.10681E-02
  1.85000E+03 -1.35000E+03  7.28090E-03
  1.95000E+03 -1.35000E+03  1.15803E-02
  2.05000E+03 -1.35000E+03  1.87624E-02
  2.15000E+03 -1.35000E+03  1.54005E-02
  2.25000E+03 -1.35000E+03  2.60289E-02
  2.35000E+03 -1.35000E+03  6.81660E-03
  2.45000E+03 -1.35000E+03  1.76136E-02
  2.55000E+03 -1.35000E+03  7.99712E-03
  2.65000E+03 -1.35000E+03  7.36738E-03
  2.75000E+03 -1.35000E+03  1.38416E-02
  2.85000E+03 -1.35000E+03  1.62593E-02
  2.95000E+03 -1.35000E+03  8.27806E-03
  3.05000E+03 -1.35000E+03  7.46540E-03
  3.15000E+03 -1.35000E+03  3.60453E-02
  3.25000E+03 -1.35000E+03  5.93623E-02
  3.35000E+03 -1.35000E+03  5.39105E-02
  3.45000E+03 -1.35000E+03  3.46415E-02
  3.55000E+03 -1.35000E+03  3.24391E-02
  3.65000E+03 -1.35000E+03  2.83233E-02
  3.75000E+03 -1.35000E+03  2.48134E-02
  3.85000E+03 -1.35000E+03  2.16464E-02
  3.95000E+03 -1.35000E+03  1.80447E-02
  5.00000E+01 -1.45000E+03  1.77384E-02
  1.50000E+02 -1.45000E+03  2.17620E-02
  2.50000E+02 -1.45000E+03  3.55726E-02
  3.50000E+02 -1.45000E+03  6.23745E-02
  4.50000E+02 -1.45000E+03  7.56153E-02
  5.50000E+02 -1.45000E+03  8.03835E-02
  6.50000E+02 -1.45000E+03  7.24222E-02
  7.50000E+02 -1.45000E+03  6.85952E-02
  8.50000E+02 -1.45000E+03  1.22911E-02
  9.50000E+02 -1.45000E+03  1.46699E-02
  1.05000E+03 -1.45000E+03  1.20105E-02
  1.15000E+03 -1.45000E+03  3.15066E-02
  1.25000E+03 -1.45000E+03  1.44125E-02
  1.35000E+03 -1.45000E+03  1.23418E-02
  1.45000E+03 -1.45000E+03  5.53030E-03
  1.55000E+03 -1.45000E+03  2.67455E-02
  1.65000E+03 -1.45000E+03  1.16730E-02
  1.75000E+03 -1.45000E+03  1.33778E-02
  1.85000E+03 -1.45000E+03  9.35282E-03
  1.95000E+03 -1.45000E+03  1.41630E-02
  2.05000E+03 -1.45000E+03  2.17924E-02
  2.15000E+03 -1.45000E+03  1.84742E-02
  2.25000E+03 -1.45000E+03  2.30425E-02
  2.35000E+03 -1.45000E+03  9.10171E-03
  2.45000E+03 -1.45000E+03  1.26759E-02
  2.55000E+03 -1.45000E+03  1.27260E-02
  2.65000E+03 -1.45000E+03  8.63600E-03
  2.75000E+03 -1.45000E+03  1.09464E-02
  2.85000E+03 -1.45000E+03  8.39025E-03
  2.95000E+03 -1.45000E+03  1.06514E-02
  3.05000E+03 -1.45000E+03  9.25531E-03
  3.15000E+03 -1.45000E+03  5.40207E-03
  3.25000E+03 -1.45000E+03  4.15274E-02
  3.35000E+03 -1.45000E+03  5.45736E-02
  3.45000E+03 -1.45000E+03  4.83451E-02
  3.55000E+03 -1.45000E+03  3.39892E-02
  3.65000E+03 -1.45000E+03  2.92837E-02
  3.75000E+03 -1.45000E+03  3.02753E-02
  3.85000E+03 -1.45000E+03  2.42280E-02
  3.95000E+03 -1.45000E+03  2.25895E-02
  5.00000E+01 -1.55000E+03  2.34005E-02
  1.50000E+02 -1.55000E+03  3.59638E-02
  2.50000E+02 -1.55000E+03  6.74213E-02
  3.50000E+02 -1.55000E+03  7.38826E-02
  4.50000E+02 -1.55000E+03  7.71052E-02
  5.50000E+02 -1.55000E+03  6.34267E-02
  6.50000E+02 -1.55000E+03  7.38830E-02
  7.50000E+02 -1.55000E+03  2.73392E-02
  8.50000E+02 -1.55000E+03  1.21612E-02
  9.50000E+02 -1.55000E+03  1.53461E-02
  1.05000E+03 -1.55000E+03  2.10384E-02
  1.15000E+03 -1.55000E+03  2.95879E-02
  1.25000E+03 -1.55000E+03  6.73529E-03
  1.35000E+03 -1.55000E+03  8.61096E-03
  1.45000E+03 -1.55000E+03  9.37035E-03
  1.55000E+03 -1.55000E+03  2.73311E-02
  1.65000E+03 -1.55000E+03  1.35008E-02
  1.75000E+03 -1.55000E+03  1.14095E-02
  1.85000E+03 -1.55000E+03  1.19945E-02
  1.95000E+03 -1.55000E+03  1.47652E-02
  2.05000E+03 -1.55000E+03  2.05929E-02
  2.15000E+03 -1.55000E+03  1.91954E-02
  2.25000E+03 -1.55000E+03  2.08356E-02
  2.35000E+03 -1.55000E+03  1.19487E-02
  2.45000E+03 -1.55000E+03  1.13762E-02
  2.55000E+03 -1.55000E+03  1.87155E-02
  2.65000E+03 -1.55000E+03  9.91398E-03
  2.75000E+03 -1.55000E+03  1.22068E-02
  2.85000E+03 -1.55000E+03  1.52460E-02
  2.95000E+03 -1.55000E+03  1.23159E-02
  3.05000E+03 -1.55000E+03  7.23030E-03
  3.15000E+03 -1.55000E+03  8.78109E-03
  3.25000E+03 -1.55000E+03  9.53472E-03
  3.35000E+03 -1.55000E+03  4.47753E-02
  3.45000E+03 -1.55000E+03  4.65897E-02
  3.55000E+03 -1.55000E+03  4.80403E-02
  3.65000E+03 -1.55000E+03  3.39875E-02
  3.75000E+03 -1.55000E+03  2.81580E-02
  3.85000E+03 -1.55000E+03  2.92709E-02
  3.95000E+03 -1.55000E+03  2.40823E-02
  5.00000E+01 -1.65000E+03  3.97952E-02
  1.50000E+02 -1.65000E+03  6.43233E-02
  2.50000E+02 -1.65000E+03  7.24171E-02
  3.50000E+02 -1.65000E+03  7.56760E-02
  4.50000E+02 -1.65000E+03  5.91344E-02
  5.50000E+02 -1.65000E+03  7.68060E-02
  6.50000E+02 -1.65000E+03  4.04527E-02
  7.50000E+02 -1.65000E+03  1.26564E-02
  8.50000E+02 -1.65000E+03  1.40046E-02
  9.50000E+02 -1.65000E+03  1.64240E-02
  1.05000E+03 -1.65000E+03  2.87122E-02
  1.15000E+03 -1.65000E+03  1.38325E-02
  1.25000E+03 -1.65000E+03  6.91796E-03
  1.35000E+03 -1.65000E+03  5.86916E-03
  1.45000E+03 -1.65000E+03  1.52705E-02
  1.55000E+03 -1.65000E+03  2.52501E-02
  1.65000E+03 -1.65000E+03  1.10581E-02
  1.75000E+03 -1.65000E+03  1.20509E-02
  1.85000E+03 -1.65000E+03  1.39899E-02
  1.95000E+03 -1.65000E+03  1.67746E-02
  2.05000E+03 -1.65000E+03  1.95789E-02
  2.15000E+03 -1.65000E+03  2.17499E-02
  2.25000E+03 -1.65000E+03  2.35411E-02
  2.35000E+03 -1.65000E+03  1.32671E-02
  2.45000E+03 -1.65000E+03  1.20366E-02
  2.55000E+03 -1.65000E+03  1.99990E-02
  2.65000E+03 -1.65000E+03  1.27793E-02
  2.75000E+03 -1.65000E+03  6.69746E-03
  2.85000E+03 -1.65000E+03  1.11378E-02
  2.95000E+03 -1.65000E+03  6.66576E-03
  3.05000E+03 -1.65000E+03  1.27074E-02
  3.15000E+03 -1.65000E+03  7.04943E-03
  3.25000E+03 -1.65000E+03  8.42364E-03
  3.35000E+03 -1.65000E+03  2.20869E-02
  3.45000E+03 -1.65000E+03  4.81128E-02
  3.55000E+03 -1.65000E+03  4.57281E-02
  3.65000E+03 -1.65000E+03  4.64749E-02
  3.75000E+03 -1.65000E+03  3.57870E-02
  3.85000E+03 -1.65000E+03  2.51343E-02
  3.95000E+03 -1.65000E+03  3.15329E-02
  5.00000E+01 -1.75000E+03  6.27110E-02
  1.50000E+02 -1.75000E+03  6.84742E-02
  2.50000E+02 -1.75000E+03  7.01783E-02
  3.50000E+02 -1.75000E+03  5.75875E-02
  4.50000E+02 -1.75000E+03  7.25799E-02
  5.50000E+02 -1.75000E+03  4.97175E-02
  6.50000E+02 -1.75000E+03  1.40046E-02
  7.50000E+02 -1.75000E+03  1.28890E-02
  8.50000E+02 -1.75000E+03  1.56633E-02
  9.50000E+02 -1.75000E+03  2.19685E-02
  1.05000E+03 -1.75000E+03  2.34813E-02
  1.15000E+03 -1.75000E+03  4.28818E-03
  1.25000E+03 -1.75000E+03  8.77353E-03
  1.35000E+03 -1.75000E+03  7.99205E-03
  1.45000E+03 -1.75000E+03  1.97346E-02
  1.55000E+03 -1.75000E+03  1.45734E-02
  1.65000E+03 -1.75000E+03  1.02599E-02
  1.75000E+03 -1.75000E+03  1.30682E-02
  1.85000E+03 -1.75000E+03  1.17285E-02
  1.95000E+03 -1.75000E+03  1.62234E-02
  2.05000E+03 -1.75000E+03  1.80974E-02
  2.15000E+03 -1.75000E+03  2.21644E-02
  2.25000E+03 -1.75000E+03  2.82534E-02
  2.35000E+03 -1.75000E+03  1.09542E-02
  2.45000E+03 -1.75000E+03  1.00371E-02
  2.55000E+03 -1.75000E+03  1.48140E-02
  2.65000E+03 -1.75000E+03  1.78907E-02
  2.75000E+03 -1.75000E+03  9.56711E-03
  2.85000E+03 -1.75000E+03  9.14994E-03
  2.95000E+03 -1.75000E+03  1.20180E-02
  3.05000E+03 -1.75000E+03  6.14114E-03
  3.15000E+03 -1.75000E+03  1.16898E-02
  3.25000E+03 -1.75000E+03  9.46172E-03
  3.35000E+03 -1.75000E+03  8.28287E-03
  3.45000E+03 -1.75000E+03  3.20862E-02
  3.55000E+03 -1.75000E+03  4.53247E-02
  3.65000E+03 -1.75000E+03  4.34303E-02
  3.75000E+03 -1.75000E+03  4.31273E-02
  3.85000E+03 -1.75000E+03  3.50602E-02
  3.95000E+03 -1.75000E+03  2.54428E-02
  5.00000E+01 -1.85000E+03  6.72482E-02
  1.50000E+02 -1.85000E+03  6.37704E-02
  2.50000E+02 -1.85000E+03  5.32190E-02
  3.50000E+02 -1.85000E+03  6.62250E-02
  4.50000E+02 -1.85000E+03  5.94241E-02
  5.50000E+02 -1.85000E+03  2.10706E-02
  6.50000E+02 -1.85000E+03  1.04187E-02
  7.50000E+02 -1.85000E+03  1.35603E-02
  8.50000E+02 -1.85000E+03  1.63826E-02
  9.50000E+02 -1.85000E+03  2.50897E-02
  1.05000E+03 -1.85000E+03  1.11388E-02
  1.15000E+03 -1.85000E+03  5.28899E-03
  1.25000E+03 -1.85000E+03  7.59180E-03
  1.35000E+03 -1.85000E+03  8.73464E-03
  1.45000E+03 -1.85000E+03  2.01107E-02
  1.55000E+03 -1.85000E+03  1.17249E-02
  1.65000E+03 -1.85000E+03  1.02201E-02
  1.75000E+03 -1.85000E+03  1.50273E-02
  1.85000E+03 -1.85000E+03  8.81752E-03
  1.95000E+03 -1.85000E+03  1.43284E-02
  2.05000E+03 -1.85000E+03  1.23398E-02
  2.15000E+03 -1.85000E+03  2.46715E-02
  2.25000E+03 -1.85000E+03  2.98356E-02
  2.35000E+03 -1.85000E+03  1.06773E-02
  2.45000E+03 -1.85000E+03  1.03786E-02
  2.55000E+03 -1.85000E+03  1.22457E-02
  2.65000E+03 -1.85000E+03  1.82148E-02
  2.75000E+03 -1.85000E+03  1.23277E-02
  2.85000E+03 -1.85000E+03  6.27128E-03
  2.95000E+03 -1.85000E+03  1.31708E-02
  3.05000E+03 -1.85000E+03  7.03820E-03
  3.15000E+03 -1.85000E+03  1.20233E-02
  3.25000E+03 -1.85000E+03  5.17839E-03
  3.35000E+03 -1.85000E+03  8.98060E-03
  3.45000E+03 -1.85000E+03  9.94224E-03
  3.55000E+03 -1.85000E+03  3.77426E-02
  3.65000E+03 -1.85000E+03  4.18925E-02
  3.75000E+03 -1.85000E+03  3.92263E-02
  3.85000E+03 -1.85000E+03  4.23785E-02
  3.95000E+03 -1.85000E+03  3.32261E-02
  5.00000E+01 -1.95000E+03  5.76302E-02
  1.50000E+02 -1.95000E+03  4.96258E-02
  2.50000E+02 -1.95000E+03  6.28946E-02
  3.50000E+02 -1.95000E+03  6.26104E-02
  4.50000E+02 -1.95000E+03  2.80799E-02
  5.50000E+02 -1.95000E+03  9.50021E-03
  6.50000E+02 -1.95000E+03  1.48565E-02
  7.50000E+02 -1.95000E+03  1.43104E-02
  8.50000E+02 -1.95000E+03  1.94830E-02
  9.50000E+02 -1.95000E+03  1.78567E-02
  1.05000E+03 -1.95000E+03  5.14506E-03
  1.15000E+03 -1.95000E+03  6.04497E-03
  1.25000E+03 -1.95000E+03  6.81262E-03
  1.35000E+03 -1.95000E+03  9.89059E-03
  1.45000E+03 -1.95000E+03  1.72508E-02
  1.55000E+03 -1.95000E+03  6.73495E-03
  1.65000E+03 -1.95000E+03  6.63121E-03
  1.75000E+03 -1.95000E+03  1.95303E-02
  1.85000E+03 -1.95000E+03  8.75356E-03
  1.95000E+03 -1.95000E+03  1.09950E-02
  2.05000E+03 -1.95000E+03  8.74079E-03
  2.15000E+03 -1.95000E+03  2.19809E-02
  2.25000E+03 -1.95000E+03  3.04102E-02
  2.35000E+03 -1.95000E+03  1.39925E-02
  2.45000E+03 -1.95000E+03  8.80210E-03
  2.55000E+03 -1.95000E+03  1.38725E-02
  2.65000E+03 -1.95000E+03  1.51067E-02
  2.75000E+03 -1.95000E+03  1.43915E-02
  2.85000E+03 -1.95000E+03  6.41426E-03
  2.95000E+03 -1.95000E+03  1.01391E-02
  3.05000E+03 -1.95000E+03  1.07539E-02
  3.15000E+03 -1.95000E+03  4.22974E-03
  3.25000E+03 -1.95000E+03  1.05812E-02
  3.35000E+03 -1.95000E+03  6.42069E-03
  3.45000E+03 -1.95000E+03  8.96474E-03
  3.55000E+03 -1.95000E+03  1.36176E-02
  3.65000E+03 -1.95000E+03  3.89737E-02
  3.75000E+03 -1.95000E+03  4.15605E-02
  3.85000E+03 -1.95000E+03  3.88427E-02
  3.95000E+03 -1.95000E+03  3.75214E-02
  5.00000E+01 -2.05000E+03  5.07178E-02
  1.50000E+02 -2.05000E+03  5.50278E-02
  2.50000E+02 -2.05000E+03  5.99020E-02
  3.50000E+02 -2.05000E+03  3.74822E-02
  4.50000E+02 -2.05000E+03  1.02367E-02
  5.50000E+02 -2.05000E+03  1.39893E-02
  6.50000E+02 -2.05000E+03  1.26350E-02
  7.50000E+02 -2.05000E+03  1.40996E-02
  8.50000E+02 -2.05000E+03  1.91583E-02
  9.50000E+02 -2.05000E+03  9.69759E-03
  1.05000E+03 -2.05000E+03  5.15088E-03
  1.15000E+03 -2.05000E+03  5.24972E-03
  1.25000E+03 -2.05000E+03  5.91912E-03
  1.35000E+03 -2.05000E+03  1.09655E-02
  1.45000E+03 -2.05000E+03  1.20407E-02
  1.55000E+03 -2.05000E+03  6.06897E-03
  1.65000E+03 -2.05000E+03  4.54919E-03
  1.75000E+03 -2.05000E+03  1.85585E-02
  1.85000E+03 -2.05000E+03  6.96888E-03
  1.95000E+03 -2.05000E+03  9.76935E-03
  2.05000E+03 -2.05000E+03  7.74879E-03
  2.15000E+03 -2.05000E+03  1.94604E-02
  2.25000E+03 -2.05000E+03  2.87492E-02
  2.35000E+03 -2.05000E+03  1.64398E-02
  2.45000E+03 -2.05000E+03  5.81690E-03
  2.55000E+03 -2.05000E+03  1.27827E-02
  2.65000E+03 -2.05000E+03  1.14001E-02
  2.75000E+03 -2.05000E+03  1.46627E-02
  2.85000E+03 -2.05000E+03  8.90056E-03
  2.95000E+03 -2.05000E+03  6.19202E-03
  3.05000E+03 -2.05000E+03  1.09169E-02
  3.15000E+03 -2.05000E+03  7.15977E-03
  3.25000E+03 -2.05000E+03  7.50681E-03
  3.35000E+03 -2.05000E+03  8.42099E-03
  3.45000E+03 -2.05000E+03  7.27496E-03
  3.55000E+03 -2.05000E+03  7.20060E-03
  3.65000E+03 -2.05000E+03  2.63187E-02
  3.75000E+03 -2.05000E+03  3.87493E-02
  3.85000E+03 -2.05000E+03  4.06075E-02
  3.95000E+03 -2.05000E+03  4.04652E-02
  5.00000E+01 -2.15000E+03  5.90979E-02
  1.50000E+02 -2.15000E+03  5.74837E-02
  2.50000E+02 -2.15000E+03  4.32516E-02
  3.50000E+02 -2.15000E+03  1.44339E-02
  4.50000E+02 -2.15000E+03  1.19593E-02
  5.50000E+02 -2.15000E+03  1.40898E-02
  6.50000E+02 -2.15000E+03  1.27238E-02
  7.50000E+02 -2.15000E+03  1.45051E-02
  8.50000E+02 -2.15000E+03  1.23160E-02
  9.50000E+02 -2.15000E+03  4.40175E-03
  1.05000E+03 -2.15000E+03  6.70070E-03
  1.15000E+03 -2.15000E+03  3.76172E-03
  1.25000E+03 -2.15000E+03  6.41479E-03
  1.35000E+03 -2.15000E+03  1.28432E-02
  1.45000E+03 -2.15000E+03  8.47743E-03
  1.55000E+03 -2.15000E+03  4.93560E-03
  1.65000E+03 -2.15000E+03  3.89459E-03
  1.75000E+03 -2.15000E+03  2.07314E-02
  1.85000E+03 -2.15000E+03  8.28427E-03
  1.95000E+03 -2.15000E+03  1.10745E-02
  2.05000E+03 -2.15000E+03  8.90618E-03
  2.15000E+03 -2.15000E+03  1.83399E-02
  2.25000E+03 -2.15000E+03  3.01781E-02
  2.35000E+03 -2.15000E+03  2.20079E-02
  2.45000E+03 -2.15000E+03  4.05167E-03
  2.55000E+03 -2.15000E+03  1.07796E-02
  2.65000E+03 -2.15000E+03  1.11768E-02
  2.75000E+03 -2.15000E+03  1.39772E-02
  2.85000E+03 -2.15000E+03  1.17536E-02
  2.95000E+03 -2.15000E+03  5.78243E-03
  3.05000E+03 -2.15000E+03  9.03348E-03
  3.15000E+03 -2.15000E+03  9.86301E-03
  3.25000E+03 -2.15000E+03  3.52456E-03
  3.35000E+03 -2.15000E+03  9.04832E-03
  3.45000E+03 -2.15000E+03  3.27994E-03
  3.55000E+03 -2.15000E+03  8.07939E-03
  3.65000E+03 -2.15000E+03  8.17251E-03
  3.75000E+03 -2.15000E+03  2.88848E-02
  3.85000E+03 -2.15000E+03  3.96694E-02
  3.95000E+03 -2.15000E+03  4.61009E-02
  5.00000E+01 -2.25000E+03  5.40745E-02
  1.50000E+02 -2.25000E+03  4.90350E-02
  2.50000E+02 -2.25000E+03  2.23958E-02
  3.50000E+02 -2.25000E+03  9.63883E-03
  4.50000E+02 -2.25000E+03  1.32158E-02
  5.50000E+02 -2.25000E+03  1.12389E-02
  6.50000E+02 -2.25000E+03  1.40599E-02
  7.50000E+02 -2.25000E+03  1.45427E-02
  8.50000E+02 -2.25000E+03  8.06818E-03
  9.50000E+02 -2.25000E+03  5.21429E-03
  1.05000E+03 -2.25000E+03  5.05559E-03
  1.15000E+03 -2.25000E+03  4.17412E-03
  1.25000E+03 -2.25000E+03  8.40606E-03
  1.35000E+03 -2.25000E+03  1.33871E-02
  1.45000E+03 -2.25000E+03  5.54396E-03
  1.55000E+03 -2.25000E+03  4.96241E-03
  1.65000E+03 -2.25000E+03  5.70481E-03
  1.75000E+03 -2.25000E+03  2.36768E-02
  1.85000E+03 -2.25000E+03  7.16906E-03
  1.95000E+03 -2.25000E+03  9.43449E-03
  2.05000E+03 -2.25000E+03  8.12595E-03
  2.15000E+03 -2.25000E+03  1.68614E-02
  2.25000E+03 -2.25000E+03  3.10635E-02
  2.35000E+03 -2.25000E+03  2.61221E-02
  2.45000E+03 -2.25000E+03  3.02830E-03
  2.55000E+03 -2.25000E+03  1.15570E-02
  2.65000E+03 -2.25000E+03  1.11098E-02
  2.75000E+03 -2.25000E+03  9.96588E-03
  2.85000E+03 -2.25000E+03  1.29473E-02
  2.95000E+03 -2.25000E+03  7.60254E-03
  3.05000E+03 -2.25000E+03  8.14317E-03
  3.15000E+03 -2.25000E+03  1.13942E-02
  3.25000E+03 -2.25000E+03  6.23989E-03
  3.35000E+03 -2.25000E+03  4.54767E-03
  3.45000E+03 -2.25000E+03  9.49365E-03
  3.55000E+03 -2.25000E+03  3.95652E-03
  3.65000E+03 -2.25000E+03  7.39329E-03
  3.75000E+03 -2.25000E+03  1.24664E-02
  3.85000E+03 -2.25000E+03  3.34211E-02
  3.95000E+03 -2.25000E+03  3.64178E-02
  5.00000E+01 -2.35000E+03  4.60180E-02
  1.50000E+02 -2.35000E+03  3.14242E-02
  2.50000E+02 -2.35000E+03  1.27532E-02
  3.50000E+02 -2.35000E+03  1.33025E-02
  4.50000E+02 -2.35000E+03  1.54839E-02
  5.50000E+02 -2.35000E+03  1.25722E-02
  6.50000E+02 -2.35000E+03  1.50493E-02
  7.50000E+02 -2.35000E+03  9.43456E-03
  8.50000E+02 -2.35000E+03  5.94014E-03
  9.50000E+02 -2.35000E+03  5.58475E-03
  1.05000E+03 -2.35000E+03  3.57101E-03
  1.15000E+03 -2.35000E+03  7.39458E-03
  1.25000E+03 -2.35000E+03  9.17968E-03
  1.35000E+03 -2.35000E+03  1.20090E-02
  1.45000E+03 -2.35000E+03  3.73664E-03
  1.55000E+03 -2.35000E+03  4.01898E-03
  1.65000E+03 -2.35000E+03  1.11610E-02
  1.75000E+03 -2.35000E+03  2.04984E-02
  1.85000E+03 -2.35000E+03  8.00708E-03
  1.95000E+03 -2.35000E+03  9.08426E-03
  2.05000E+03 -2.35000E+03  7.54653E-03
  2.15000E+03 -2.35000E+03  1.52376E-02
  2.25000E+03 -2.35000E+03  3.09292E-02
  2.35000E+03 -2.35000E+03  3.13570E-02
  2.45000E+03 -2.35000E+03  3.58814E-03
  2.55000E+03 -2.35000E+03  8.78742E-03
  2.65000E+03 -2.35000E+03  1.28302E-02
  2.75000E+03 -2.35000E+03  8.20119E-03
  2.85000E+03 -2.35000E+03  1.04219E-02
  2.95000E+03 -2.35000E+03  1.24680E-02
  3.05000E+03 -2.35000E+03  5.90464E-03
  3.15000E+03 -2.35000E+03  1.06320E-02
  3.25000E+03 -2.35000E+03  7.23664E-03
  3.35000E+03 -2.35000E+03  4.40776E-03
  3.45000E+03 -2.35000E+03  6.99933E-03
  3.55000E+03 -2.35000E+03  5.78663E-03
  3.65000E+03 -2.35000E+03  4.58173E-03
  3.75000E+03 -2.35000E+03  6.89505E-03
  3.85000E+03 -2.35000E+03  1.54878E-02
  3.95000E+03 -2.35000E+03  3.25497E-02
  5.00000E+01 -2.45000E+03  3.45102E-02
  1.50000E+02 -2.45000E+03  1.25128E-02
  2.50000E+02 -2.45000E+03  1.38898E-02
  3.50000E+02 -2.45000E+03  1.52968E-02
  4.50000E+02 -2.45000E+03  1.09705E-02
  5.50000E+02 -2.45000E+03  1.41873E-02
  6.50000E+02 -2.45000E+03  1.23842E-02
  7.50000E+02 -2.45000E+03  6.84113E-03
  8.50000E+02 -2.45000E+03  4.64695E-03
  9.50000E+02 -2.45000E+03  6.72792E-03
  1.05000E+03 -2.45000E+03  2.36474E-03
  1.15000E+03 -2.45000E+03  8.33534E-03
  1.25000E+03 -2.45000E+03  8.96617E-03
  1.35000E+03 -2.45000E+03  1.02896E-02
  1.45000E+03 -2.45000E+03  4.44448E-03
  1.55000E+03 -2.45000E+03  3.16331E-03
  1.65000E+03 -2.45000E+03  1.46739E-02
  1.75000E+03 -2.45000E+03  1.48686E-02
  1.85000E+03 -2.45000E+03  7.27277E-03
  1.95000E+03 -2.45000E+03  5.91111E-03
  2.05000E+03 -2.45000E+03  6.53979E-03
  2.15000E+03 -2.45000E+03  1.23073E-02
  2.25000E+03 -2.45000E+03  2.62750E-02
  2.35000E+03 -2.45000E+03  3.72258E-02
  2.45000E+03 -2.45000E+03  6.30445E-03
  2.55000E+03 -2.45000E+03  7.55159E-03
  2.65000E+03 -2.45000E+03  1.34529E-02
  2.75000E+03 -2.45000E+03  8.56218E-03
  2.85000E+03 -2.45000E+03  1.12889E-02
  2.95000E+03 -2.45000E+03  1.03299E-02
  3.05000E+03 -2.45000E+03  7.67300E-03
  3.15000E+03 -2.45000E+03  1.05282E-02
  3.25000E+03 -2.45000E+03  1.05062E-02
  3.35000E+03 -2.45000E+03  5.69900E-03
  3.45000E+03 -2.45000E+03  4.36409E-03
  3.55000E+03 -2.45000E+03  8.55358E-03
  3.65000E+03 -2.45000E+03  3.26442E-03
  3.75000E+03 -2.45000E+03  5.18347E-03
  3.85000E+03 -2.45000E+03  6.87407E-03
  3.95000E+03 -2.45000E+03  1.75646E-02
  5.00000E+01 -2.55000E+03  1.37071E-02
  1.50000E+02 -2.55000E+03  1.29543E-02
  2.50000E+02 -2.55000E+03  1.31086E-02
  3.50000E+02 -2.55000E+03  1.11847E-02
  4.50000E+02 -2.55000E+03  1.26726E-02
  5.50000E+02 -2.55000E+03  1.12516E-02
  6.50000E+02 -2.55000E+03  7.50899E-03
  7.50000E+02 -2.55000E+03  4.34108E-03
  8.50000E+02 -2.55000E+03  5.36281E-03
  9.50000E+02 -2.55000E+03  3.47773E-03
  1.05000E+03 -2.55000E+03  3.96943E-03
  1.15000E+03 -2.55000E+03  9.20989E-03
  1.25000E+03 -2.55000E+03  8.59918E-03
  1.35000E+03 -2.55000E+03  7.51878E-03
  1.45000E+03 -2.55000E+03  5.31913E-03
  1.55000E+03 -2.55000E+03  2.37789E-03
  1.65000E+03 -2.55000E+03  1.73670E-02
  1.75000E+03 -2.55000E+03  1.27778E-02
  1.85000E+03 -2.55000E+03  7.62004E-03
  1.95000E+03 -2.55000E+03  5.96304E-03
  2.05000E+03 -2.55000E+03  5.25730E-03
  2.15000E+03 -2.55000E+03  1.04395E-02
  2.25000E+03 -2.55000E+03  2.60970E-02
  2.35000E+03 -2.55000E+03  3.70356E-02
  2.45000E+03 -2.55000E+03  1.03928E-02
  2.55000E+03 -2.55000E+03  5.73558E-03
  2.65000E+03 -2.55000E+03  1.19042E-02
  2.75000E+03 -2.55000E+03  8.74180E-03
  2.85000E+03 -2.55000E+03  9.69595E-03
  2.95000E+03 -2.55000E+03  9.84222E-03
  3.05000E+03 -2.55000E+03  1.17699E-02
  3.15000E+03 -2.55000E+03  4.92311E-03
  3.25000E+03 -2.55000E+03  9.69579E-03
  3.35000E+03 -2.55000E+03  6.90972E-03
  3.45000E+03 -2.55000E+03  4.33751E-03
  3.55000E+03 -2.55000E+03  4.65727E-03
  3.65000E+03 -2.55000E+03  7.48134E-03
  3.75000E+03 -2.55000E+03  3.02021E-03
  3.85000E+03 -2.55000E+03  5.07428E-03
  3.95000E+03 -2.55000E+03  7.90497E-03
  5.00000E+01 -2.65000E+03  1.32287E-02
  1.50000E+02 -2.65000E+03  1.27830E-02
  2.50000E+02 -2.65000E+03  1.12614E-02
  3.50000E+02 -2.65000E+03  1.07408E-02
  4.50000E+02 -2.65000E+03  1.21345E-02
  5.50000E+02 -2.65000E+03  9.06750E-03
  6.50000E+02 -2.65000E+03  6.88272E-03
  7.50000E+02 -2.65000E+03  4.30386E-03
  8.50000E+02 -2.65000E+03  6.00911E-03
  9.50000E+02 -2.65000E+03  2.82159E-03
  1.05000E+03 -2.65000E+03  5.71342E-03
  1.15000E+03 -2.65000E+03  9.32938E-03
  1.25000E+03 -2.65000E+03  1.05389E-02
  1.35000E+03 -2.65000E+03  5.75385E-03
  1.45000E+03 -2.65000E+03  5.17998E-03
  1.55000E+03 -2.65000E+03  2.65918E-03
  1.65000E+03 -2.65000E+03  1.88341E-02
  1.75000E+03 -2.65000E+03  1.07854E-02
  1.85000E+03 -2.65000E+03  7.16319E-03
  1.95000E+03 -2.65000E+03  5.75625E-03
  2.05000E+03 -2.65000E+03  5.09046E-03
  2.15000E+03 -2.65000E+03  8.35606E-03
  2.25000E+03 -2.65000E+03  2.12457E-02
  2.35000E+03 -2.65000E+03  4.08269E-02
  2.45000E+03 -2.65000E+03  1.50098E-02
  2.55000E+03 -2.65000E+03  4.69252E-03
  2.65000E+03 -2.65000E+03  1.18878E-02
  2.75000E+03 -2.65000E+03  1.16355E-02
  2.85000E+03 -2.65000E+03  7.05300E-03
  2.95000E+03 -2.65000E+03  1.03389E-02
  3.05000E+03 -2.65000E+03  1.31916E-02
  3.15000E+03 -2.65000E+03  7.67836E-03
  3.25000E+03 -2.65000E+03  1.08643E-02
  3.35000E+03 -2.65000E+03  1.02503E-02
  3.45000E+03 -2.65000E+03  5.57221E-03
  3.55000E+03 -2.65000E+03  3.60675E-03
  3.65000E+03 -2.65000E+03  4.72269E-03
  3.75000E+03 -2.65000E+03  7.87933E-03
  3.85000E+03 -2.65000E+03  3.54219E-03
  3.95000E+03 -2.65000E+03  4.28070E-03
  5.00000E+01 -2.75000E+03  1.30053E-02
  1.50000E+02 -2.75000E+03  1.38163E-02
  2.50000E+02 -2.75000E+03  1.06276E-02
  3.50000E+02 -2.75000E+03  1.21964E-02
  4.50000E+02 -2.75000E+03  1.14441E-02
  5.50000E+02 -2.75000E+03  7.93253E-03
  6.50000E+02 -2.75000E+03  4.72185E-03
  7.50000E+02 -2.75000E+03  4.83928E-03
  8.50000E+02 -2.75000E+03  4.77291E-03
  9.50000E+02 -2.75000E+03  3.27269E-03
  1.05000E+03 -2.75000E+03  9.04185E-03
  1.15000E+03 -2.75000E+03  9.32735E-03
  1.25000E+03 -2.75000E+03  1.08890E-02
  1.35000E+03 -2.75000E+03  5.28807E-03
  1.45000E+03 -2.75000E+03  3.52273E-03
  1.55000E+03 -2.75000E+03  6.00403E-03
  1.65000E+03 -2.75000E+03  1.87404E-02
  1.75000E+03 -2.75000E+03  1.07297E-02
  1.85000E+03 -2.75000E+03  6.31428E-03
  1.95000E+03 -2.75000E+03  5.92099E-03
  2.05000E+03 -2.75000E+03  5.77439E-03
  2.15000E+03 -2.75000E+03  8.13932E-03
  2.25000E+03 -2.75000E+03  1.90672E-02
  2.35000E+03 -2.75000E+03  4.04812E-02
  2.45000E+03 -2.75000E+03  2.16512E-02
  2.55000E+03 -2.75000E+03  5.18140E-03
  2.65000E+03 -2.75000E+03  8.18796E-03
  2.75000E+03 -2.75000E+03  1.06332E-02
  2.85000E+03 -2.75000E+03  6.88890E-03
  2.95000E+03 -2.75000E+03  1.11560E-02
  3.05000E+03 -2.75000E+03  1.18558E-02
  3.15000E+03 -2.75000E+03  1.38323E-02
  3.25000E+03 -2.75000E+03  6.69545E-03
  3.35000E+03 -2.75000E+03  1.02807E-02
  3.45000E+03 -2.75000E+03  8.89582E-03
  3.55000E+03 -2.75000E+03  6.65804E-03
  3.65000E+03 -2.75000E+03  4.89203E-03
  3.75000E+03 -2.75000E+03  6.77395E-03
  3.85000E+03 -2.75000E+03  5.63319E-03
  3.95000E+03 -2.75000E+03  3.17087E-03
  5.00000E+01 -2.85000E+03  1.36112E-02
  1.50000E+02 -2.85000E+03  1.07785E-02
  2.50000E+02 -2.85000E+03  1.26321E-02
  3.50000E+02 -2.85000E+03  1.17558E-02
  4.50000E+02 -2.85000E+03  8.48179E-03
  5.50000E+02 -2.85000E+03  7.13949E-03
  6.50000E+02 -2.85000E+03  3.40364E-03
  7.50000E+02 -2.85000E+03  5.56744E-03
  8.50000E+02 -2.85000E+03  2.71441E-03
  9.50000E+02 -2.85000E+03  5.80642E-03
  1.05000E+03 -2.85000E+03  1.07581E-02
  1.15000E+03 -2.85000E+03  8.86772E-03
  1.25000E+03 -2.85000E+03  8.47174E-03
  1.35000E+03 -2.85000E+03  7.04180E-03
  1.45000E+03 -2.85000E+03  3.41202E-03
  1.55000E+03 -2.85000E+03  1.24748E-02
  1.65000E+03 -2.85000E+03  1.95556E-02
  1.75000E+03 -2.85000E+03  9.75598E-03
  1.85000E+03 -2.85000E+03  7.23461E-03
  1.95000E+03 -2.85000E+03  4.88972E-03
  2.05000E+03 -2.85000E+03  4.66579E-03
  2.15000E+03 -2.85000E+03  7.44362E-03
  2.25000E+03 -2.85000E+03  1.55949E-02
  2.35000E+03 -2.85000E+03  3.69620E-02
  2.45000E+03 -2.85000E+03  2.71022E-02
  2.55000E+03 -2.85000E+03  6.09720E-03
  2.65000E+03 -2.85000E+03  6.50395E-03
  2.75000E+03 -2.85000E+03  1.05941E-02
  2.85000E+03 -2.85000E+03  7.71564E-03
  2.95000E+03 -2.85000E+03  9.48195E-03
  3.05000E+03 -2.85000E+03  9.05661E-03
  3.15000E+03 -2.85000E+03  1.60058E-02
  3.25000E+03 -2.85000E+03  7.30054E-03
  3.35000E+03 -2.85000E+03  8.02280E-03
  3.45000E+03 -2.85000E+03  1.00136E-02
  3.55000E+03 -2.85000E+03  5.91923E-03
  3.65000E+03 -2.85000E+03  5.21509E-03
  3.75000E+03 -2.85000E+03  4.33552E-03
  3.85000E+03 -2.85000E+03  8.02518E-03
  3.95000E+03 -2.85000E+03  5.05152E-03
  5.00000E+01 -2.95000E+03  9.84206E-03
  1.50000E+02 -2.95000E+03  1.29943E-02
  2.50000E+02 -2.95000E+03  1.28609E-02
  3.50000E+02 -2.95000E+03  9.16994E-03
  4.50000E+02 -2.95000E+03  8.11402E-03
  5.50000E+02 -2.95000E+03  3.62811E-03
  6.50000E+02 -2.95000E+03  3.82226E-03
  7.50000E+02 -2.95000E+03  3.37875E-03
  8.50000E+02 -2.95000E+03  2.33810E-03
  9.50000E+02 -2.95000E+03  8.09158E-03
  1.05000E+03 -2.95000E+03  1.09468E-02
  1.15000E+03 -2.95000E+03  8.08761E-03
  1.25000E+03 -2.95000E+03  7.53989E-03
  1.35000E+03 -2.95000E+03  6.12164E-03
  1.45000E+03 -2.95000E+03  3.35307E-03
  1.55000E+03 -2.95000E+03  1.36374E-02
  1.65000E+03 -2.95000E+03  1.67727E-02
  1.75000E+03 -2.95000E+03  9.67062E-03
  1.85000E+03 -2.95000E+03  6.85475E-03
  1.95000E+03 -2.95000E+03  4.51127E-03
  2.05000E+03 -2.95000E+03  5.27775E-03
  2.15000E+03 -2.95000E+03  7.92880E-03
  2.25000E+03 -2.95000E+03  1.49953E-02
  2.35000E+03 -2.95000E+03  3.53338E-02
  2.45000E+03 -2.95000E+03  2.87802E-02
  2.55000E+03 -2.95000E+03  8.81589E-03
  2.65000E+03 -2.95000E+03  5.81695E-03
  2.75000E+03 -2.95000E+03  9.43565E-03
  2.85000E+03 -2.95000E+03  9.27692E-03
  2.95000E+03 -2.95000E+03  8.44446E-03
  3.05000E+03 -2.95000E+03  1.06626E-02
  3.15000E+03 -2.95000E+03  1.05232E-02
  3.25000E+03 -2.95000E+03  8.97800E-03
  3.35000E+03 -2.95000E+03  6.21176E-03
  3.45000E+03 -2.95000E+03  1.17412E-02
  3.55000E+03 -2.95000E+03  9.17822E-03
  3.65000E+03 -2.95000E+03  5.25792E-03
  3.75000E+03 -2.95000E+03  6.11120E-03
  3.85000E+03 -2.95000E+03  4.80682E-03
  3.95000E+03 -2.95000E+03  8.26921E-03
  5.00000E+01 -3.05000E+03  1.12219E-02
  1.50000E+02 -3.05000E+03  1.39485E-02
  2.50000E+02 -3.05000E+03  1.15967E-02
  3.50000E+02 -3.05000E+03  8.78764E-03
  4.50000E+02 -3.05000E+03  6.69988E-03
  5.50000E+02 -3.05000E+03  2.42853E-03
  6.50000E+02 -3.05000E+03  3.75321E-03
  7.50000E+02 -3.05000E+03  2.31285E-03
  8.50000E+02 -3.05000E+03  4.27789E-03
  9.50000E+02 -3.05000E+03  9.76874E-03
  1.05000E+03 -3.05000E+03  9.36503E-03
  1.15000E+03 -3.05000E+03  8.05990E-03
  1.25000E+03 -3.05000E+03  4.96866E-03
  1.35000E+03 -3.05000E+03  6.75946E-03
  1.45000E+03 -3.05000E+03  2.63766E-03
  1.55000E+03 -3.05000E+03  1.37374E-02
  1.65000E+03 -3.05000E+03  1.59773E-02
  1.75000E+03 -3.05000E+03  8.39473E-03
  1.85000E+03 -3.05000E+03  5.64892E-03
  1.95000E+03 -3.05000E+03  5.01529E-03
  2.05000E+03 -3.05000E+03  5.96219E-03
  2.15000E+03 -3.05000E+03  9.27537E-03
  2.25000E+03 -3.05000E+03  1.38636E-02
  2.35000E+03 -3.05000E+03  3.20532E-02
  2.45000E+03 -3.05000E+03  3.09646E-02
  2.55000E+03 -3.05000E+03  1.03315E-02
  2.65000E+03 -3.05000E+03  6.53532E-03
  2.75000E+03 -3.05000E+03  7.22388E-03
  2.85000E+03 -3.05000E+03  9.48176E-03
  2.95000E+03 -3.05000E+03  7.53709E-03
  3.05000E+03 -3.05000E+03  1.12500E-02
  3.15000E+03 -3.05000E+03  1.07006E-02
  3.25000E+03 -3.05000E+03  1.28326E-02
  3.35000E+03 -3.05000E+03  8.22306E-03
  3.45000E+03 -3.05000E+03  1.07559E-02
  3.55000E+03 -3.05000E+03  1.10114E-02
  3.65000E+03 -3.05000E+03  7.35983E-03
  3.75000E+03 -3.05000E+03  5.96030E-03
  3.85000E+03 -3.05000E+03  5.95245E-03
  3.95000E+03 -3.05000E+03  7.46074E-03
  5.00000E+01 -3.15000E+03  1.28957E-02
  1.50000E+02 -3.15000E+03  1.18601E-02
  2.50000E+02 -3.15000E+03  8.77842E-03
  3.50000E+02 -3.15000E+03  7.52701E-03
  4.50000E+02 -3.15000E+03  2.94172E-03
  5.50000E+02 -3.15000E+03  3.76313E-03
  6.50000E+02 -3.15000E+03  4.07778E-03
  7.50000E+02 -3.15000E+03  1.57919E-03
  8.50000E+02 -3.15000E+03  6.11189E-03
  9.50000E+02 -3.15000E+03  1.09265E-02
  1.05000E+03 -3.15000E+03  8.23763E-03
  1.15000E+03 -3.15000E+03  7.76463E-03
  1.25000E+03 -3.15000E+03  6.55878E-03
  1.35000E+03 -3.15000E+03  6.23091E-03
  1.45000E+03 -3.15000E+03  3.49899E-03
  1.55000E+03 -3.15000E+03  1.55997E-02
  1.65000E+03 -3.15000E+03  1.49562E-02
  1.75000E+03 -3.15000E+03  1.02979E-02
  1.85000E+03 -3.15000E+03  6.28981E-03
  1.95000E+03 -3.15000E+03  5.13519E-03
  2.05000E+03 -3.15000E+03  5.55140E-03
  2.15000E+03 -3.15000E+03  7.63740E-03
  2.25000E+03 -3.15000E+03  1.24688E-02
  2.35000E+03 -3.15000E+03  2.89526E-02
  2.45000E+03 -3.15000E+03  3.00354E-02
  2.55000E+03 -3.15000E+03  1.29946E-02
  2.65000E+03 -3.15000E+03  5.15089E-03
  2.75000E+03 -3.15000E+03  7.57409E-03
  2.85000E+03 -3.15000E+03  9.69492E-03
  2.95000E+03 -3.15000E+03  8.14934E-03
  3.05000E+03 -3.15000E+03  1.02270E-02
  3.15000E+03 -3.15000E+03  1.10054E-02
  3.25000E+03 -3.15000E+03  1.40309E-02
  3.35000E+03 -3.15000E+03  9.25527E-03
  3.45000E+03 -3.15000E+03  7.51692E-03
  3.55000E+03 -3.15000E+03  1.24946E-02
  3.65000E+03 -3.15000E+03  9.87745E-03
  3.75000E+03 -3.15000E+03  6.63489E-03
  3.85000E+03 -3.15000E+03  5.38258E-03
  3.95000E+03 -3.15000E+03  5.32854E-03
  5.00000E+01 -3.25000E+03  1.15105E-02
  1.50000E+02 -3.25000E+03  1.10644E-02
  2.50000E+02 -3.25000E+03  8.79324E-03
  3.50000E+02 -3.25000E+03  6.18941E-03
  4.50000E+02 -3.25000E+03  1.96033E-03
  5.50000E+02 -3.25000E+03  3.36882E-03
  6.50000E+02 -3.25000E+03  2.19156E-03
  7.50000E+02 -3.25000E+03  3.09890E-03
  8.50000E+02 -3.25000E+03  8.55192E-03
  9.50000E+02 -3.25000E+03  9.07426E-03
  1.05000E+03 -3.25000E+03  8.62890E-03
  1.15000E+03 -3.25000E+03  7.23680E-03
  1.25000E+03 -3.25000E+03  6.75661E-03
  1.35000E+03 -3.25000E+03  4.62518E-03
  1.45000E+03 -3.25000E+03  3.53617E-03
  1.55000E+03 -3.25000E+03  1.73952E-02
  1.65000E+03 -3.25000E+03  1.26678E-02
  1.75000E+03 -3.25000E+03  9.87009E-03
  1.85000E+03 -3.25000E+03  6.14200E-03
  1.95000E+03 -3.25000E+03  5.29688E-03
  2.05000E+03 -3.25000E+03  7.01073E-03
  2.15000E+03 -3.25000E+03  7.57372E-03
  2.25000E+03 -3.25000E+03  1.18533E-02
  2.35000E+03 -3.25000E+03  2.53323E-02
  2.45000E+03 -3.25000E+03  3.35677E-02
  2.55000E+03 -3.25000E+03  1.51370E-02
  2.65000E+03 -3.25000E+03  6.11062E-03
  2.75000E+03 -3.25000E+03  6.39532E-03
  2.85000E+03 -3.25000E+03  9.58313E-03
  2.95000E+03 -3.25000E+03  8.78257E-03
  3.05000E+03 -3.25000E+03  9.40960E-03
  3.15000E+03 -3.25000E+03  1.29215E-02
  3.25000E+03 -3.25000E+03  9.47534E-03
  3.35000E+03 -3.25000E+03  1.57619E-02
  3.45000E+03 -3.25000E+03  9.64113E-03
  3.55000E+03 -3.25000E+03  1.07067E-02
  3.65000E+03 -3.25000E+03  1.13156E-02
  3.75000E+03 -3.25000E+03  8.68158E-03
  3.85000E+03 -3.25000E+03  6.84331E-03
  3.95000E+03 -3.25000E+03  5.59819E-03
  5.00000E+01 -3.35000E+03  1.09386E-02
  1.50000E+02 -3.35000E+03  8.05704E-03
  2.50000E+02 -3.35000E+03  6.79288E-03
  3.50000E+02 -3.35000E+03  2.51660E-03
  4.50000E+02 -3.35000E+03  2.64557E-03
  5.50000E+02 -3.35000E+03  2.20616E-03
  6.50000E+02 -3.35000E+03  1.64137E-03
  7.50000E+02 -3.35000E+03  4.92129E-03
  8.50000E+02 -3.35000E+03  1.06114E-02
  9.50000E+02 -3.35000E+03  1.00364E-02
  1.05000E+03 -3.35000E+03  7.07187E-03
  1.15000E+03 -3.35000E+03  7.55781E-03
  1.25000E+03 -3.35000E+03  5.94912E-03
  1.35000E+03 -3.35000E+03  3.42487E-03
  1.45000E+03 -3.35000E+03  7.91728E-03
  1.55000E+03 -3.35000E+03  1.69584E-02
  1.65000E+03 -3.35000E+03  1.09832E-02
  1.75000E+03 -3.35000E+03  8.88683E-03
  1.85000E+03 -3.35000E+03  5.95815E-03
  1.95000E+03 -3.35000E+03  6.29836E-03
  2.05000E+03 -3.35000E+03  7.57644E-03
  2.15000E+03 -3.35000E+03  6.64807E-03
  2.25000E+03 -3.35000E+03  1.00285E-02
  2.35000E+03 -3.35000E+03  2.21614E-02
  2.45000E+03 -3.35000E+03  3.51743E-02
  2.55000E+03 -3.35000E+03  1.89175E-02
  2.65000E+03 -3.35000E+03  5.95176E-03
  2.75000E+03 -3.35000E+03  7.41411E-03
  2.85000E+03 -3.35000E+03  7.50855E-03
  2.95000E+03 -3.35000E+03  9.04477E-03
  3.05000E+03 -3.35000E+03  1.10381E-02
  3.15000E+03 -3.35000E+03  1.19601E-02
  3.25000E+03 -3.35000E+03  1.09787E-02
  3.35000E+03 -3.35000E+03  1.38617E-02
  3.45000E+03 -3.35000E+03  8.60684E-03
  3.55000E+03 -3.35000E+03  8.80040E-03
  3.65000E+03 -3.35000E+03  1.43647E-02
  3.75000E+03 -3.35000E+03  1.00753E-02
  3.85000E+03 -3.35000E+03  6.21308E-03
  3.95000E+03 -3.35000E+03  6.00381E-03
  5.00000E+01 -3.45000E+03  8.13434E-03
  1.50000E+02 -3.45000E+03  8.41353E-03
  2.50000E+02 -3.45000E+03  5.36829E-03
  3.50000E+02 -3.45000E+03  1.49905E-03
  4.50000E+02 -3.45000E+03  2.73305E-03
  5.50000E+02 -3.45000E+03  2.81394E-03
  6.50000E+02 -3.45000E+03  1.81948E-03
  7.50000E+02 -3.45000E+03  6.67627E-03
  8.50000E+02 -3.45000E+03  1.15672E-02
  9.50000E+02 -3.45000E+03  9.00527E-03
  1.05000E+03 -3.45000E+03  8.61880E-03
  1.15000E+03 -3.45000E+03  8.33879E-03
  1.25000E+03 -3.45000E+03  6.31971E-03
  1.35000E+03 -3.45000E+03  3.07927E-03
  1.45000E+03 -3.45000E+03  1.14003E-02
  1.55000E+03 -3.45000E+03  1.67576E-02
  1.65000E+03 -3.45000E+03  9.20327E-03
  1.75000E+03 -3.45000E+03  9.38810E-03
  1.85000E+03 -3.45000E+03  5.22239E-03
  1.95000E+03 -3.45000E+03  5.47680E-03
  2.05000E+03 -3.45000E+03  7.49202E-03
  2.15000E+03 -3.45000E+03  6.29233E-03
  2.25000E+03 -3.45000E+03  1.02228E-02
  2.35000E+03 -3.45000E+03  1.99388E-02
  2.45000E+03 -3.45000E+03  3.36005E-02
  2.55000E+03 -3.45000E+03  2.01365E-02
  2.65000E+03 -3.45000E+03  8.30150E-03
  2.75000E+03 -3.45000E+03  5.95674E-03
  2.85000E+03 -3.45000E+03  7.66045E-03
  2.95000E+03 -3.45000E+03  1.00034E-02
  3.05000E+03 -3.45000E+03  8.41986E-03
  3.15000E+03 -3.45000E+03  1.11964E-02
  3.25000E+03 -3.45000E+03  1.17126E-02
  3.35000E+03 -3.45000E+03  1.25210E-02
  3.45000E+03 -3.45000E+03  1.19206E-02
  3.55000E+03 -3.45000E+03  1.06567E-02
  3.65000E+03 -3.45000E+03  1.04684E-02
  3.75000E+03 -3.45000E+03  1.21599E-02
  3.85000E+03 -3.45000E+03  9.25595E-03
  3.95000E+03 -3.45000E+03  5.97449E-03
  5.00000E+01 -3.55000E+03  8.88513E-03
  1.50000E+02 -3.55000E+03  5.57955E-03
  2.50000E+02 -3.55000E+03  1.81148E-03
  3.50000E+02 -3.55000E+03  1.97961E-03
  4.50000E+02 -3.55000E+03  1.93492E-03
  5.50000E+02 -3.55000E+03  2.14700E-03
  6.50000E+02 -3.55000E+03  4.10711E-03
  7.50000E+02 -3.55000E+03  8.35712E-03
  8.50000E+02 -3.55000E+03  1.07943E-02
  9.50000E+02 -3.55000E+03  8.17439E-03
  1.05000E+03 -3.55000E+03  6.42401E-03
  1.15000E+03 -3.55000E+03  5.92236E-03
  1.25000E+03 -3.55000E+03  6.19328E-03
  1.35000E+03 -3.55000E+03  3.76971E-03
  1.45000E+03 -3.55000E+03  1.05790E-02
  1.55000E+03 -3.55000E+03  1.48362E-02
  1.65000E+03 -3.55000E+03  7.01675E-03
  1.75000E+03 -3.55000E+03  1.03069E-02
  1.85000E+03 -3.55000E+03  5.64101E-03
  1.95000E+03 -3.55000E+03  6.22339E-03
  2.05000E+03 -3.55000E+03  8.24519E-03
  2.15000E+03 -3.55000E+03  6.62768E-03
  2.25000E+03 -3.55000E+03  1.04063E-02
  2.35000E+03 -3.55000E+03  1.74126E-02
  2.45000E+03 -3.55000E+03  3.16271E-02
  2.55000E+03 -3.55000E+03  2.06362E-02
  2.65000E+03 -3.55000E+03  1.14323E-02
  2.75000E+03 -3.55000E+03  5.77455E-03
  2.85000E+03 -3.55000E+03  6.51969E-03
  2.95000E+03 -3.55000E+03  7.88017E-03
  3.05000E+03 -3.55000E+03  7.73698E-03
  3.15000E+03 -3.55000E+03  1.07924E-02
  3.25000E+03 -3.55000E+03  1.19058E-02
  3.35000E+03 -3.55000E+03  1.08271E-02
  3.45000E+03 -3.55000E+03  1.54093E-02
  3.55000E+03 -3.55000E+03  8.79077E-03
  3.65000E+03 -3.55000E+03  1.09382E-02
  3.75000E+03 -3.55000E+03  1.23202E-02
  3.85000E+03 -3.55000E+03  9.84069E-03
  3.95000E+03 -3.55000E+03  7.24213E-03
  5.00000E+01 -3.65000E+03  7.24211E-03
  1.50000E+02 -3.65000E+03  3.61808E-03
  2.50000E+02 -3.65000E+03  1.40179E-03
  3.50000E+02 -3.65000E+03  2.50626E-03
  4.50000E+02 -3.65000E+03  3.06530E-03
  5.50000E+02 -3.65000E+03  2.50919E-03
  6.50000E+02 -3.65000E+03  5.69142E-03
  7.50000E+02 -3.65000E+03  1.14112E-02
  8.50000E+02 -3.65000E+03  8.74573E-03
  9.50000E+02 -3.65000E+03  8.22843E-03
  1.05000E+03 -3.65000E+03  6.54289E-03
  1.15000E+03 -3.65000E+03  5.14401E-03
  1.25000E+03 -3.65000E+03  5.22619E-03
  1.35000E+03 -3.65000E+03  5.67202E-03
  1.45000E+03 -3.65000E+03  1.22927E-02
  1.55000E+03 -3.65000E+03  1.28209E-02
  1.65000E+03 -3.65000E+03  9.90896E-03
  1.75000E+03 -3.65000E+03  1.05752E-02
  1.85000E+03 -3.65000E+03  5.84717E-03
  1.95000E+03 -3.65000E+03  6.73266E-03
  2.05000E+03 -3.65000E+03  7.88728E-03
  2.15000E+03 -3.65000E+03  6.77680E-03
  2.25000E+03 -3.65000E+03  1.15771E-02
  2.35000E+03 -3.65000E+03  1.65647E-02
  2.45000E+03 -3.65000E+03  3.05410E-02
  2.55000E+03 -3.65000E+03  2.32192E-02
  2.65000E+03 -3.65000E+03  1.39748E-02
  2.75000E+03 -3.65000E+03  5.86583E-03
  2.85000E+03 -3.65000E+03  6.97581E-03
  2.95000E+03 -3.65000E+03  7.67130E-03
  3.05000E+03 -3.65000E+03  8.13630E-03
  3.15000E+03 -3.65000E+03  9.35137E-03
  3.25000E+03 -3.65000E+03  1.24871E-02
  3.35000E+03 -3.65000E+03  1.14353E-02
  3.45000E+03 -3.65000E+03  1.42794E-02
  3.55000E+03 -3.65000E+03  1.23506E-02
  3.65000E+03 -3.65000E+03  9.50675E-03
  3.75000E+03 -3.65000E+03  1.11740E-02
  3.85000E+03 -3.65000E+03  1.22674E-02
  3.95000E+03 -3.65000E+03  9.08784E-03
  5.00000E+01 -3.75000E+03  5.48469E-03
  1.50000E+02 -3.75000E+03  1.42012E-03
  2.50000E+02 -3.75000E+03  2.46430E-03
  3.50000E+02 -3.75000E+03  2.45110E-03
  4.50000E+02 -3.75000E+03  2.05266E-03
  5.50000E+02 -3.75000E+03  1.95049E-03
  6.50000E+02 -3.75000E+03  8.06430E-03
  7.50000E+02 -3.75000E+03  1.17251E-02
  8.50000E+02 -3.75000E+03  9.43007E-03
  9.50000E+02 -3.75000E+03  6.36340E-03
  1.05000E+03 -3.75000E+03  5.67933E-03
  1.15000E+03 -3.75000E+03  5.42580E-03
  1.25000E+03 -3.75000E+03  4.65526E-03
  1.35000E+03 -3.75000E+03  4.92980E-03
  1.45000E+03 -3.75000E+03  1.53066E-02
  1.55000E+03 -3.75000E+03  1.06806E-02
  1.65000E+03 -3.75000E+03  8.73515E-03
  1.75000E+03 -3.75000E+03  1.12091E-02
  1.85000E+03 -3.75000E+03  5.35432E-03
  1.95000E+03 -3.75000E+03  5.77455E-03
  2.05000E+03 -3.75000E+03  7.61999E-03
  2.15000E+03 -3.75000E+03  6.05086E-03
  2.25000E+03 -3.75000E+03  1.08093E-02
  2.35000E+03 -3.75000E+03  1.43024E-02
  2.45000E+03 -3.75000E+03  2.74106E-02
  2.55000E+03 -3.75000E+03  2.44592E-02
  2.65000E+03 -3.75000E+03  1.49282E-02
  2.75000E+03 -3.75000E+03  6.86352E-03
  2.85000E+03 -3.75000E+03  6.13823E-03
  2.95000E+03 -3.75000E+03  7.06454E-03
  3.05000E+03 -3.75000E+03  7.89292E-03
  3.15000E+03 -3.75000E+03  8.12908E-03
  3.25000E+03 -3.75000E+03  1.24103E-02
  3.35000E+03 -3.75000E+03  1.07844E-02
  3.45000E+03 -3.75000E+03  1.24633E-02
  3.55000E+03 -3.75000E+03  1.39767E-02
  3.65000E+03 -3.75000E+03  8.68531E-03
  3.75000E+03 -3.75000E+03  1.06237E-02
  3.85000E+03 -3.75000E+03  1.20949E-02
  3.95000E+03 -3.75000E+03  9.05235E-03
  5.00000E+01 -3.85000E+03  4.12316E-03
  1.50000E+02 -3.85000E+03  1.66633E-03
  2.50000E+02 -3.85000E+03  3.73149E-03
  3.50000E+02 -3.85000E+03  3.70217E-03
  4.50000E+02 -3.85000E+03  2.42317E-03
  5.50000E+02 -3.85000E+03  5.25956E-03
  6.50000E+02 -3.85000E+03  1.06550E-02
  7.50000E+02 -3.85000E+03  1.04361E-02
  8.50000E+02 -3.85000E+03  6.72058E-03
  9.50000E+02 -3.85000E+03  6.12845E-03
  1.05000E+03 -3.85000E+03  6.87894E-03
  1.15000E+03 -3.85000E+03  5.03530E-03
  1.25000E+03 -3.85000E+03  3.82631E-03
  1.35000E+03 -3.85000E+03  5.04936E-03
  1.45000E+03 -3.85000E+03  1.57112E-02
  1.55000E+03 -3.85000E+03  9.81610E-03
  1.65000E+03 -3.85000E+03  9.95417E-03
  1.75000E+03 -3.85000E+03  1.23056E-02
  1.85000E+03 -3.85000E+03  5.26185E-03
  1.95000E+03 -3.85000E+03  6.15169E-03
  2.05000E+03 -3.85000E+03  6.71793E-03
  2.15000E+03 -3.85000E+03  5.91160E-03
  2.25000E+03 -3.85000E+03  1.04638E-02
  2.35000E+03 -3.85000E+03  1.24803E-02
  2.45000E+03 -3.85000E+03  2.53267E-02
  2.55000E+03 -3.85000E+03  2.36486E-02
  2.65000E+03 -3.85000E+03  1.43005E-02
  2.75000E+03 -3.85000E+03  8.09314E-03
  2.85000E+03 -3.85000E+03  5.70066E-03
  2.95000E+03 -3.85000E+03  7.45576E-03
  3.05000E+03 -3.85000E+03  7.97487E-03
  3.15000E+03 -3.85000E+03  7.38127E-03
  3.25000E+03 -3.85000E+03  1.10265E-02
  3.35000E+03 -3.85000E+03  1.24643E-02
  3.45000E+03 -3.85000E+03  1.30861E-02
  3.55000E+03 -3.85000E+03  1.40001E-02
  3.65000E+03 -3.85000E+03  1.19436E-02
  3.75000E+03 -3.85000E+03  8.44405E-03
  3.85000E+03 -3.85000E+03  1.09165E-02
  3.95000E+03 -3.85000E+03  1.11001E-02
  5.00000E+01 -3.95000E+03  1.68315E-03
  1.50000E+02 -3.95000E+03  2.25509E-03
  2.50000E+02 -3.95000E+03  2.48509E-03
  3.50000E+02 -3.95000E+03  1.90719E-03
  4.50000E+02 -3.95000E+03  1.96598E-03
  5.50000E+02 -3.95000E+03  7.12558E-03
  6.50000E+02 -3.95000E+03  1.01456E-02
  7.50000E+02 -3.95000E+03  8.99637E-03
  8.50000E+02 -3.95000E+03  8.47534E-03
  9.50000E+02 -3.95000E+03  6.22772E-03
  1.05000E+03 -3.95000E+03  7.19366E-03
  1.15000E+03 -3.95000E+03  4.85641E-03
  1.25000E+03 -3.95000E+03  3.50641E-03
  1.35000E+03 -3.95000E+03  5.71163E-03
  1.45000E+03 -3.95000E+03  1.49087E-02
  1.55000E+03 -3.95000E+03  9.29387E-03
  1.65000E+03 -3.95000E+03  8.67799E-03
  1.75000E+03 -3.95000E+03  1.08775E-02
  1.85000E+03 -3.95000E+03  4.99128E-03
  1.95000E+03 -3.95000E+03  5.91639E-03
  2.05000E+03 -3.95000E+03  6.68685E-03
  2.15000E+03 -3.95000E+03  6.62942E-03
  2.25000E+03 -3.95000E+03  9.84887E-03
  2.35000E+03 -3.95000E+03  1.16993E-02
  2.45000E+03 -3.95000E+03  2.35910E-02
  2.55000E+03 -3.95000E+03  2.61818E-02
  2.65000E+03 -3.95000E+03  1.67961E-02
  2.75000E+03 -3.95000E+03  9.44033E-03
  2.85000E+03 -3.95000E+03  5.20194E-03
  2.95000E+03 -3.95000E+03  6.99220E-03
  3.05000E+03 -3.95000E+03  6.57682E-03
  3.15000E+03 -3.95000E+03  8.14019E-03
  3.25000E+03 -3.95000E+03  1.15097E-02
  3.35000E+03 -3.95000E+03  1.36526E-02
  3.45000E+03 -3.95000E+03  1.36541E-02
  3.55000E+03 -3.95000E+03  1.31420E-02
  3.65000E+03 -3.95000E+03  1.35470E-02
  3.75000E+03 -3.95000E+03  1.06741E-02
  3.85000E+03 -3.95000E+03  1.01087E-02
  3.95000E+03 -3.95000E+03  1.29715E-02
