
  5.00000E+01 -5.00000E+01  8.36806E-03
  1.50000E+02 -5.00000E+01  1.01563E-02
  2.50000E+02 -5.00000E+01  6.49151E-03
  3.50000E+02 -5.00000E+01  6.27947E-03
  4.50000E+02 -5.00000E+01  1.93412E-02
  5.50000E+02 -5.00000E+01  2.39136E-02
  6.50000E+02 -5.00000E+01  1.07191E-02
  7.50000E+02 -5.00000E+01  8.15765E-03
  8.50000E+02 -5.00000E+01  7.89483E-03
  9.50000E+02 -5.00000E+01  9.49175E-03
  1.05000E+03 -5.00000E+01  6.15356E-03
  1.15000E+03 -5.00000E+01  1.23181E-02
  1.25000E+03 -5.00000E+01  1.17544E-02
  1.35000E+03 -5.00000E+01  5.23992E-03
  1.45000E+03 -5.00000E+01  8.19465E-03
  1.55000E+03 -5.00000E+01  1.01666E-02
  1.65000E+03 -5.00000E+01  1.18161E-02
  1.75000E+03 -5.00000E+01  7.37293E-03
  1.85000E+03 -5.00000E+01  5.75101E-03
  1.95000E+03 -5.00000E+01  1.35845E-02
  2.05000E+03 -5.00000E+01  1.11407E-02
  2.15000E+03 -5.00000E+01  6.95210E-03
  2.25000E+03 -5.00000E+01  9.65609E-03
  2.35000E+03 -5.00000E+01  8.46925E-03
  2.45000E+03 -5.00000E+01  1.23033E-02
  2.55000E+03 -5.00000E+01  5.15345E-03
  2.65000E+03 -5.00000E+01  1.07496E-02
  2.75000E+03 -5.00000E+01  3.89182E-03
  2.85000E+03 -5.00000E+01  8.94642E-03
  2.95000E+03 -5.00000E+01  1.12990E-02
  3.05000E+03 -5.00000E+01  1.64437E-02
  3.15000E+03 -5.00000E+01  5.85958E-03
  3.25000E+03 -5.00000E+01  5.35197E-03
  3.35000E+03 -5.00000E+01  1.16144E-02
  3.45000E+03 -5.00000E+01  1.27645E-02
  3.55000E+03 -5.00000E+01  9.13335E-03
  3.65000E+03 -5.00000E+01  1.03781E-02
  3.75000E+03 -5.00000E+01  2.19836E-02
  3.85000E+03 -5.00000E+01  1.73103E-02
  3.95000E+03 -5.00000E+01  5.54361E-03
  5.00000E+01 -1.50000E+02  7.84571E-03
  1.50000E+02 -1.50000E+02  9.42609E-03
  2.50000E+02 -1.50000E+02  6.18955E-03
  3.50000E+02 -1.50000E+02  6.97975E-03
  4.50000E+02 -1.50000E+02  1.92019E-02
  5.50000E+02 -1.50000E+02  2.45946E-02
  6.50000E+02 -1.50000E+02  1.01846E-02
  7.50000E+02 -1.50000E+02  7.81671E-03
  8.50000E+02 -1.50000E+02  7.03749E-03
  9.50000E+02 -1.50000E+02  1.02046E-02
  1.05000E+03 -1.50000E+02  8.31736E-03
  1.15000E+03 -1.50000E+02  1.56593E-02
  1.25000E+03 -1.50000E+02  9.90766E-03
  1.35000E+03 -1.50000E+02  4.58393E-03
  1.45000E+03 -1.50000E+02  8.77614E-03
  1.55000E+03 -1.50000E+02  5.12270E-03
  1.65000E+03 -1.50000E+02  1.38716E-02
  1.75000E+03 -1.50000E+02  8.43218E-03
  1.85000E+03 -1.50000E+02  6.04433E-03
  1.95000E+03 -1.50000E+02  1.37136E-02
  2.05000E+03 -1.50000E+02  1.24835E-02
  2.15000E+03 -1.50000E+02  6.97525E-03
  2.25000E+03 -1.50000E+02  9.50662E-03
  2.35000E+03 -1.50000E+02  9.51701E-03
  2.45000E+03 -1.50000E+02  1.18285E-02
  2.55000E+03 -1.50000E+02  3.99791E-03
  2.65000E+03 -1.50000E+02  6.77841E-03
  2.75000E+03 -1.50000E+02  3.82310E-03
  2.85000E+03 -1.50000E+02  9.45738E-03
  2.95000E+03 -1.50000E+02  1.07992E-02
  3.05000E+03 -1.50000E+02  1.64374E-02
  3.15000E+03 -1.50000E+02  4.98075E-03
  3.25000E+03 -1.50000E+02  5.39540E-03
  3.35000E+03 -1.50000E+02  1.27096E-02
  3.45000E+03 -1.50000E+02  1.40631E-02
  3.55000E+03 -1.50000E+02  7.62968E-03
  3.65000E+03 -1.50000E+02  9.92998E-03
  3.75000E+03 -1.50000E+02  2.33300E-02
  3.85000E+03 -1.50000E+02  1.73056E-02
  3.95000E+03 -1.50000E+02  4.66279E-03
  5.00000E+01 -2.50000E+02  7.92461E-03
  1.50000E+02 -2.50000E+02  8.27653E-03
  2.50000E+02 -2.50000E+02  6.17284E-03
  3.50000E+02 -2.50000E+02  7.55848E-03
  4.50000E+02 -2.50000E+02  1.85029E-02
  5.50000E+02 -2.50000E+02  2.60528E-02
  6.50000E+02 -2.50000E+02  1.00343E-02
  7.50000E+02 -2.50000E+02  7.05185E-03
  8.50000E+02 -2.50000E+02  7.66931E-03
  9.50000E+02 -2.50000E+02  1.02185E-02
  1.05000E+03 -2.50000E+02  8.89175E-03
  1.15000E+03 -2.50000E+02  1.26242E-02
  1.25000E+03 -2.50000E+02  6.99132E-03
  1.35000E+03 -2.50000E+02  5.17663E-03
  1.45000E+03 -2.50000E+02  9.01565E-03
  1.55000E+03 -2.50000E+02  3.22959E-03
  1.65000E+03 -2.50000E+02  1.18055E-02
  1.75000E+03 -2.50000E+02  1.10782E-02
  1.85000E+03 -2.50000E+02  4.55156E-03
  1.95000E+03 -2.50000E+02  1.59523E-02
  2.05000E+03 -2.50000E+02  8.76995E-03
  2.15000E+03 -2.50000E+02  5.93849E-03
  2.25000E+03 -2.50000E+02  1.21961E-02
  2.35000E+03 -2.50000E+02  6.83794E-03
  2.45000E+03 -2.50000E+02  8.58846E-03
  2.55000E+03 -2.50000E+02  5.99855E-03
  2.65000E+03 -2.50000E+02  5.81466E-03
  2.75000E+03 -2.50000E+02  4.76179E-03
  2.85000E+03 -2.50000E+02  8.42902E-03
  2.95000E+03 -2.50000E+02  8.89909E-03
  3.05000E+03 -2.50000E+02  1.46674E-02
  3.15000E+03 -2.50000E+02  6.41985E-03
  3.25000E+03 -2.50000E+02  5.74953E-03
  3.35000E+03 -2.50000E+02  1.10041E-02
  3.45000E+03 -2.50000E+02  1.63012E-02
  3.55000E+03 -2.50000E+02  7.50147E-03
  3.65000E+03 -2.50000E+02  1.04712E-02
  3.75000E+03 -2.50000E+02  2.31949E-02
  3.85000E+03 -2.50000E+02  1.96656E-02
  3.95000E+03 -2.50000E+02  5.94749E-03
  5.00000E+01 -3.50000E+02  6.67908E-03
  1.50000E+02 -3.50000E+02  7.50288E-03
  2.50000E+02 -3.50000E+02  5.75236E-03
  3.50000E+02 -3.50000E+02  5.91097E-03
  4.50000E+02 -3.50000E+02  1.62942E-02
  5.50000E+02 -3.50000E+02  2.38589E-02
  6.50000E+02 -3.50000E+02  9.07464E-03
  7.50000E+02 -3.50000E+02  4.46288E-03
  8.50000E+02 -3.50000E+02  9.89865E-03
  9.50000E+02 -3.50000E+02  1.11423E-02
  1.05000E+03 -3.50000E+02  8.90840E-03
  1.15000E+03 -3.50000E+02  9.55069E-03
  1.25000E+03 -3.50000E+02  3.75186E-03
  1.35000E+03 -3.50000E+02  5.02407E-03
  1.45000E+03 -3.50000E+02  4.14388E-03
  1.55000E+03 -3.50000E+02  1.96060E-03
  1.65000E+03 -3.50000E+02  8.96335E-03
  1.75000E+03 -3.50000E+02  6.48458E-03
  1.85000E+03 -3.50000E+02  9.01449E-03
  1.95000E+03 -3.50000E+02  1.63648E-02
  2.05000E+03 -3.50000E+02  1.30353E-02
  2.15000E+03 -3.50000E+02  1.04070E-02
  2.25000E+03 -3.50000E+02  1.09596E-02
  2.35000E+03 -3.50000E+02  4.23566E-03
  2.45000E+03 -3.50000E+02  6.70235E-03
  2.55000E+03 -3.50000E+02  4.59806E-03
  2.65000E+03 -3.50000E+02  7.31761E-03
  2.75000E+03 -3.50000E+02  6.79150E-03
  2.85000E+03 -3.50000E+02  4.42052E-03
  2.95000E+03 -3.50000E+02  7.62413E-03
  3.05000E+03 -3.50000E+02  1.10227E-02
  3.15000E+03 -3.50000E+02  5.08872E-03
  3.25000E+03 -3.50000E+02  5.69552E-03
  3.35000E+03 -3.50000E+02  1.14455E-02
  3.45000E+03 -3.50000E+02  2.16696E-02
  3.55000E+03 -3.50000E+02  6.98388E-03
  3.65000E+03 -3.50000E+02  9.12618E-03
  3.75000E+03 -3.50000E+02  2.00389E-02
  3.85000E+03 -3.50000E+02  2.17520E-02
  3.95000E+03 -3.50000E+02  6.80859E-03
  5.00000E+01 -4.50000E+02  6.55057E-03
  1.50000E+02 -4.50000E+02  6.35985E-03
  2.50000E+02 -4.50000E+02  4.69546E-03
  3.50000E+02 -4.50000E+02  8.03843E-03
  4.50000E+02 -4.50000E+02  1.38581E-02
  5.50000E+02 -4.50000E+02  1.71136E-02
  6.50000E+02 -4.50000E+02  8.71118E-03
  7.50000E+02 -4.50000E+02  3.63415E-03
  8.50000E+02 -4.50000E+02  1.21658E-02
  9.50000E+02 -4.50000E+02  9.06777E-03
  1.05000E+03 -4.50000E+02  7.84764E-03
  1.15000E+03 -4.50000E+02  8.32456E-03
  1.25000E+03 -4.50000E+02  3.84535E-03
  1.35000E+03 -4.50000E+02  1.67134E-03
  1.45000E+03 -4.50000E+02  2.68094E-03
  1.55000E+03 -4.50000E+02  1.64635E-03
  1.65000E+03 -4.50000E+02  9.09983E-03
  1.75000E+03 -4.50000E+02  4.88734E-03
  1.85000E+03 -4.50000E+02  3.99342E-03
  1.95000E+03 -4.50000E+02  1.48360E-02
  2.05000E+03 -4.50000E+02  6.06605E-03
  2.15000E+03 -4.50000E+02  4.50476E-03
  2.25000E+03 -4.50000E+02  9.50394E-03
  2.35000E+03 -4.50000E+02  6.95767E-03
  2.45000E+03 -4.50000E+02  8.51089E-03
  2.55000E+03 -4.50000E+02  2.19167E-03
  2.65000E+03 -4.50000E+02  5.22076E-03
  2.75000E+03 -4.50000E+02  1.09032E-02
  2.85000E+03 -4.50000E+02  2.99503E-03
  2.95000E+03 -4.50000E+02  1.41817E-02
  3.05000E+03 -4.50000E+02  1.18779E-02
  3.15000E+03 -4.50000E+02  5.36364E-03
  3.25000E+03 -4.50000E+02  5.50448E-03
  3.35000E+03 -4.50000E+02  8.24670E-03
  3.45000E+03 -4.50000E+02  1.74340E-02
  3.55000E+03 -4.50000E+02  8.69652E-03
  3.65000E+03 -4.50000E+02  7.52341E-03
  3.75000E+03 -4.50000E+02  1.51892E-02
  3.85000E+03 -4.50000E+02  2.06119E-02
  3.95000E+03 -4.50000E+02  1.01578E-02
  5.00000E+01 -5.50000E+02  6.54935E-03
  1.50000E+02 -5.50000E+02  5.52595E-03
  2.50000E+02 -5.50000E+02  5.12584E-03
  3.50000E+02 -5.50000E+02  6.57497E-03
  4.50000E+02 -5.50000E+02  1.12499E-02
  5.50000E+02 -5.50000E+02  1.22915E-02
  6.50000E+02 -5.50000E+02  7.37890E-03
  7.50000E+02 -5.50000E+02  3.19788E-03
  8.50000E+02 -5.50000E+02  1.39477E-02
  9.50000E+02 -5.50000E+02  9.93543E-03
  1.05000E+03 -5.50000E+02  7.74549E-03
  1.15000E+03 -5.50000E+02  5.85708E-03
  1.25000E+03 -5.50000E+02  4.34810E-03
  1.35000E+03 -5.50000E+02  4.70049E-03
  1.45000E+03 -5.50000E+02  4.04023E-03
  1.55000E+03 -5.50000E+02  4.34798E-03
  1.65000E+03 -5.50000E+02  1.12623E-02
  1.75000E+03 -5.50000E+02  1.08223E-02
  1.85000E+03 -5.50000E+02  6.55832E-03
  1.95000E+03 -5.50000E+02  1.17939E-02
  2.05000E+03 -5.50000E+02  1.23900E-02
  2.15000E+03 -5.50000E+02  1.02083E-02
  2.25000E+03 -5.50000E+02  9.56722E-03
  2.35000E+03 -5.50000E+02  8.08772E-03
  2.45000E+03 -5.50000E+02  8.14556E-03
  2.55000E+03 -5.50000E+02  5.17557E-03
  2.65000E+03 -5.50000E+02  7.54752E-03
  2.75000E+03 -5.50000E+02  1.47592E-02
  2.85000E+03 -5.50000E+02  3.64212E-03
  2.95000E+03 -5.50000E+02  1.32487E-02
  3.05000E+03 -5.50000E+02  1.24487E-02
  3.15000E+03 -5.50000E+02  7.09924E-03
  3.25000E+03 -5.50000E+02  5.65432E-03
  3.35000E+03 -5.50000E+02  6.45913E-03
  3.45000E+03 -5.50000E+02  1.52258E-02
  3.55000E+03 -5.50000E+02  1.11489E-02
  3.65000E+03 -5.50000E+02  4.93759E-03
  3.75000E+03 -5.50000E+02  1.24315E-02
  3.85000E+03 -5.50000E+02  1.38637E-02
  3.95000E+03 -5.50000E+02  1.00683E-02
  5.00000E+01 -6.50000E+02  6.83811E-03
  1.50000E+02 -6.50000E+02  4.80093E-03
  2.50000E+02 -6.50000E+02  8.44258E-03
  3.50000E+02 -6.50000E+02  7.94081E-03
  4.50000E+02 -6.50000E+02  8.81754E-03
  5.50000E+02 -6.50000E+02  9.68968E-03
  6.50000E+02 -6.50000E+02  4.75134E-03
  7.50000E+02 -6.50000E+02  4.73050E-03
  8.50000E+02 -6.50000E+02  9.17031E-03
  9.50000E+02 -6.50000E+02  1.49888E-02
  1.05000E+03 -6.50000E+02  6.86761E-03
  1.15000E+03 -6.50000E+02  6.83493E-03
  1.25000E+03 -6.50000E+02  4.81087E-03
  1.35000E+03 -6.50000E+02  7.31720E-03
  1.45000E+03 -6.50000E+02  4.86532E-03
  1.55000E+03 -6.50000E+02  8.47986E-03
  1.65000E+03 -6.50000E+02  6.60246E-03
  1.75000E+03 -6.50000E+02  1.71128E-03
  1.85000E+03 -6.50000E+02  9.45413E-03
  1.95000E+03 -6.50000E+02  1.09513E-02
  2.05000E+03 -6.50000E+02  1.45283E-02
  2.15000E+03 -6.50000E+02  6.86794E-03
  2.25000E+03 -6.50000E+02  9.50331E-03
  2.35000E+03 -6.50000E+02  6.73265E-03
  2.45000E+03 -6.50000E+02  8.53488E-03
  2.55000E+03 -6.50000E+02  1.18209E-02
  2.65000E+03 -6.50000E+02  6.53852E-03
  2.75000E+03 -6.50000E+02  6.26595E-03
  2.85000E+03 -6.50000E+02  1.33329E-02
  2.95000E+03 -6.50000E+02  9.12067E-03
  3.05000E+03 -6.50000E+02  1.28982E-02
  3.15000E+03 -6.50000E+02  6.52713E-03
  3.25000E+03 -6.50000E+02  7.14536E-03
  3.35000E+03 -6.50000E+02  6.51759E-03
  3.45000E+03 -6.50000E+02  1.01047E-02
  3.55000E+03 -6.50000E+02  8.58744E-03
  3.65000E+03 -6.50000E+02  3.92828E-03
  3.75000E+03 -6.50000E+02  7.75181E-03
  3.85000E+03 -6.50000E+02  8.89696E-03
  3.95000E+03 -6.50000E+02  7.06725E-03
  5.00000E+01 -7.50000E+02  1.02829E-02
  1.50000E+02 -7.50000E+02  1.02456E-02
  2.50000E+02 -7.50000E+02  9.13257E-03
  3.50000E+02 -7.50000E+02  7.48008E-03
  4.50000E+02 -7.50000E+02  8.49949E-03
  5.50000E+02 -7.50000E+02  6.20556E-03
  6.50000E+02 -7.50000E+02  3.39861E-03
  7.50000E+02 -7.50000E+02  5.56216E-03
  8.50000E+02 -7.50000E+02  7.67659E-03
  9.50000E+02 -7.50000E+02  1.08234E-02
  1.05000E+03 -7.50000E+02  5.46442E-03
  1.15000E+03 -7.50000E+02  8.89103E-03
  1.25000E+03 -7.50000E+02  3.85201E-03
  1.35000E+03 -7.50000E+02  2.90227E-03
  1.45000E+03 -7.50000E+02  5.28743E-03
  1.55000E+03 -7.50000E+02  8.79320E-03
  1.65000E+03 -7.50000E+02  9.10120E-03
  1.75000E+03 -7.50000E+02  5.20895E-03
  1.85000E+03 -7.50000E+02  1.28732E-02
  1.95000E+03 -7.50000E+02  1.03313E-02
  2.05000E+03 -7.50000E+02  1.25744E-02
  2.15000E+03 -7.50000E+02  7.46195E-03
  2.25000E+03 -7.50000E+02  7.75560E-03
  2.35000E+03 -7.50000E+02  6.98968E-03
  2.45000E+03 -7.50000E+02  1.23717E-02
  2.55000E+03 -7.50000E+02  1.26996E-02
  2.65000E+03 -7.50000E+02  3.13206E-03
  2.75000E+03 -7.50000E+02  7.05990E-03
  2.85000E+03 -7.50000E+02  1.17732E-02
  2.95000E+03 -7.50000E+02  5.70860E-03
  3.05000E+03 -7.50000E+02  8.44830E-03
  3.15000E+03 -7.50000E+02  5.39167E-03
  3.25000E+03 -7.50000E+02  7.52753E-03
  3.35000E+03 -7.50000E+02  7.08926E-03
  3.45000E+03 -7.50000E+02  7.42448E-03
  3.55000E+03 -7.50000E+02  5.74524E-03
  3.65000E+03 -7.50000E+02  3.16004E-03
  3.75000E+03 -7.50000E+02  6.23300E-03
  3.85000E+03 -7.50000E+02  6.90988E-03
  3.95000E+03 -7.50000E+02  5.33221E-03
  5.00000E+01 -8.50000E+02  1.35862E-02
  1.50000E+02 -8.50000E+02  1.29126E-02
  2.50000E+02 -8.50000E+02  1.02644E-02
  3.50000E+02 -8.50000E+02  9.02613E-03
  4.50000E+02 -8.50000E+02  1.04122E-02
  5.50000E+02 -8.50000E+02  4.83688E-03
  6.50000E+02 -8.50000E+02  4.20810E-03
  7.50000E+02 -8.50000E+02  5.59729E-03
  8.50000E+02 -8.50000E+02  2.09527E-02
  9.50000E+02 -8.50000E+02  1.15128E-02
  1.05000E+03 -8.50000E+02  6.66038E-03
  1.15000E+03 -8.50000E+02  5.84466E-03
  1.25000E+03 -8.50000E+02  4.80787E-03
  1.35000E+03 -8.50000E+02  1.99717E-03
  1.45000E+03 -8.50000E+02  6.09771E-03
  1.55000E+03 -8.50000E+02  1.13310E-02
  1.65000E+03 -8.50000E+02  1.51094E-02
  1.75000E+03 -8.50000E+02  1.19023E-02
  1.85000E+03 -8.50000E+02  1.18030E-02
  1.95000E+03 -8.50000E+02  1.71988E-02
  2.05000E+03 -8.50000E+02  5.94051E-03
  2.15000E+03 -8.50000E+02  1.38854E-02
  2.25000E+03 -8.50000E+02  5.33365E-03
  2.35000E+03 -8.50000E+02  2.87154E-03
  2.45000E+03 -8.50000E+02  9.75362E-03
  2.55000E+03 -8.50000E+02  6.83742E-03
  2.65000E+03 -8.50000E+02  3.78756E-03
  2.75000E+03 -8.50000E+02  6.58704E-03
  2.85000E+03 -8.50000E+02  6.70707E-03
  2.95000E+03 -8.50000E+02  1.02147E-02
  3.05000E+03 -8.50000E+02  1.02244E-02
  3.15000E+03 -8.50000E+02  5.53874E-03
  3.25000E+03 -8.50000E+02  8.31618E-03
  3.35000E+03 -8.50000E+02  8.95086E-03
  3.45000E+03 -8.50000E+02  7.14999E-03
  3.55000E+03 -8.50000E+02  4.95542E-03
  3.65000E+03 -8.50000E+02  2.97277E-03
  3.75000E+03 -8.50000E+02  5.57950E-03
  3.85000E+03 -8.50000E+02  1.14885E-02
  3.95000E+03 -8.50000E+02  6.25877E-03
  5.00000E+01 -9.50000E+02  1.39392E-02
  1.50000E+02 -9.50000E+02  1.23715E-02
  2.50000E+02 -9.50000E+02  1.21285E-02
  3.50000E+02 -9.50000E+02  1.07400E-02
  4.50000E+02 -9.50000E+02  1.33096E-02
  5.50000E+02 -9.50000E+02  6.85111E-03
  6.50000E+02 -9.50000E+02  8.09595E-03
  7.50000E+02 -9.50000E+02  1.05037E-02
  8.50000E+02 -9.50000E+02  2.06029E-02
  9.50000E+02 -9.50000E+02  8.15944E-03
  1.05000E+03 -9.50000E+02  7.50778E-03
  1.15000E+03 -9.50000E+02  7.00063E-03
  1.25000E+03 -9.50000E+02  5.22506E-03
  1.35000E+03 -9.50000E+02  4.56484E-03
  1.45000E+03 -9.50000E+02  7.90765E-03
  1.55000E+03 -9.50000E+02  6.74818E-03
  1.65000E+03 -9.50000E+02  1.30616E-02
  1.75000E+03 -9.50000E+02  1.64552E-02
  1.85000E+03 -9.50000E+02  9.03233E-03
  1.95000E+03 -9.50000E+02  9.48041E-03
  2.05000E+03 -9.50000E+02  1.30143E-02
  2.15000E+03 -9.50000E+02  1.64200E-02
  2.25000E+03 -9.50000E+02  1.02227E-02
  2.35000E+03 -9.50000E+02  8.99191E-03
  2.45000E+03 -9.50000E+02  2.60720E-03
  2.55000E+03 -9.50000E+02  9.52367E-03
  2.65000E+03 -9.50000E+02  5.79627E-03
  2.75000E+03 -9.50000E+02  7.88696E-03
  2.85000E+03 -9.50000E+02  6.30773E-03
  2.95000E+03 -9.50000E+02  1.35074E-02
  3.05000E+03 -9.50000E+02  1.61868E-02
  3.15000E+03 -9.50000E+02  1.09275E-02
  3.25000E+03 -9.50000E+02  8.49877E-03
  3.35000E+03 -9.50000E+02  9.72048E-03
  3.45000E+03 -9.50000E+02  1.45336E-02
  3.55000E+03 -9.50000E+02  8.08248E-03
  3.65000E+03 -9.50000E+02  8.00891E-03
  3.75000E+03 -9.50000E+02  1.00449E-02
  3.85000E+03 -9.50000E+02  1.19915E-02
  3.95000E+03 -9.50000E+02  1.28792E-02
  5.00000E+01 -1.05000E+03  1.02785E-02
  1.50000E+02 -1.05000E+03  1.46089E-02
  2.50000E+02 -1.05000E+03  9.73557E-03
  3.50000E+02 -1.05000E+03  8.75481E-03
  4.50000E+02 -1.05000E+03  7.25211E-03
  5.50000E+02 -1.05000E+03  9.19207E-03
  6.50000E+02 -1.05000E+03  5.71552E-03
  7.50000E+02 -1.05000E+03  1.11232E-02
  8.50000E+02 -1.05000E+03  1.38727E-02
  9.50000E+02 -1.05000E+03  1.57950E-02
  1.05000E+03 -1.05000E+03  1.43558E-02
  1.15000E+03 -1.05000E+03  8.27798E-03
  1.25000E+03 -1.05000E+03  4.18231E-03
  1.35000E+03 -1.05000E+03  8.59641E-03
  1.45000E+03 -1.05000E+03  4.94186E-03
  1.55000E+03 -1.05000E+03  4.65018E-03
  1.65000E+03 -1.05000E+03  6.73825E-03
  1.75000E+03 -1.05000E+03  1.12856E-02
  1.85000E+03 -1.05000E+03  1.05755E-02
  1.95000E+03 -1.05000E+03  9.25654E-03
  2.05000E+03 -1.05000E+03  3.27516E-02
  2.15000E+03 -1.05000E+03  1.64606E-02
  2.25000E+03 -1.05000E+03  1.73978E-02
  2.35000E+03 -1.05000E+03  1.93400E-02
  2.45000E+03 -1.05000E+03  7.84486E-03
  2.55000E+03 -1.05000E+03  7.90303E-03
  2.65000E+03 -1.05000E+03  7.86195E-03
  2.75000E+03 -1.05000E+03  6.91326E-03
  2.85000E+03 -1.05000E+03  1.07751E-02
  2.95000E+03 -1.05000E+03  1.58881E-02
  3.05000E+03 -1.05000E+03  1.93671E-02
  3.15000E+03 -1.05000E+03  1.51441E-02
  3.25000E+03 -1.05000E+03  8.12851E-03
  3.35000E+03 -1.05000E+03  1.24633E-02
  3.45000E+03 -1.05000E+03  1.19025E-02
  3.55000E+03 -1.05000E+03  1.88765E-02
  3.65000E+03 -1.05000E+03  1.08010E-02
  3.75000E+03 -1.05000E+03  1.05383E-02
  3.85000E+03 -1.05000E+03  1.37647E-02
  3.95000E+03 -1.05000E+03  1.31511E-02
  5.00000E+01 -1.15000E+03  4.64893E-03
  1.50000E+02 -1.15000E+03  5.69183E-03
  2.50000E+02 -1.15000E+03  6.18983E-03
  3.50000E+02 -1.15000E+03  8.59721E-03
  4.50000E+02 -1.15000E+03  9.94294E-03
  5.50000E+02 -1.15000E+03  8.05400E-03
  6.50000E+02 -1.15000E+03  9.11889E-03
  7.50000E+02 -1.15000E+03  1.16629E-02
  8.50000E+02 -1.15000E+03  8.38388E-03
  9.50000E+02 -1.15000E+03  1.44041E-02
  1.05000E+03 -1.15000E+03  9.92747E-03
  1.15000E+03 -1.15000E+03  1.09181E-02
  1.25000E+03 -1.15000E+03  3.49671E-03
  1.35000E+03 -1.15000E+03  9.43380E-03
  1.45000E+03 -1.15000E+03  7.21368E-03
  1.55000E+03 -1.15000E+03  6.88480E-03
  1.65000E+03 -1.15000E+03  1.21285E-02
  1.75000E+03 -1.15000E+03  1.43648E-02
  1.85000E+03 -1.15000E+03  1.21293E-02
  1.95000E+03 -1.15000E+03  4.81169E-03
  2.05000E+03 -1.15000E+03  1.19927E-02
  2.15000E+03 -1.15000E+03  1.29899E-02
  2.25000E+03 -1.15000E+03  1.23736E-02
  2.35000E+03 -1.15000E+03  1.70089E-02
  2.45000E+03 -1.15000E+03  1.12620E-02
  2.55000E+03 -1.15000E+03  5.22397E-03
  2.65000E+03 -1.15000E+03  4.08040E-03
  2.75000E+03 -1.15000E+03  1.00649E-02
  2.85000E+03 -1.15000E+03  2.05032E-02
  2.95000E+03 -1.15000E+03  1.21134E-02
  3.05000E+03 -1.15000E+03  1.47466E-02
  3.15000E+03 -1.15000E+03  1.16887E-02
  3.25000E+03 -1.15000E+03  1.18015E-02
  3.35000E+03 -1.15000E+03  1.28577E-02
  3.45000E+03 -1.15000E+03  1.25715E-02
  3.55000E+03 -1.15000E+03  1.46664E-02
  3.65000E+03 -1.15000E+03  1.96167E-02
  3.75000E+03 -1.15000E+03  1.37955E-02
  3.85000E+03 -1.15000E+03  8.89823E-03
  3.95000E+03 -1.15000E+03  7.57858E-03
  5.00000E+01 -1.25000E+03  3.47836E-03
  1.50000E+02 -1.25000E+03  3.19724E-03
  2.50000E+02 -1.25000E+03  6.34447E-03
  3.50000E+02 -1.25000E+03  1.89876E-02
  4.50000E+02 -1.25000E+03  1.34692E-02
  5.50000E+02 -1.25000E+03  8.55096E-03
  6.50000E+02 -1.25000E+03  8.01650E-03
  7.50000E+02 -1.25000E+03  1.61398E-02
  8.50000E+02 -1.25000E+03  1.26725E-02
  9.50000E+02 -1.25000E+03  7.18227E-03
  1.05000E+03 -1.25000E+03  6.75076E-03
  1.15000E+03 -1.25000E+03  9.76314E-03
  1.25000E+03 -1.25000E+03  8.33222E-03
  1.35000E+03 -1.25000E+03  1.83605E-02
  1.45000E+03 -1.25000E+03  9.85798E-03
  1.55000E+03 -1.25000E+03  2.29418E-03
  1.65000E+03 -1.25000E+03  8.13510E-03
  1.75000E+03 -1.25000E+03  1.41868E-02
  1.85000E+03 -1.25000E+03  1.51837E-02
  1.95000E+03 -1.25000E+03  6.37426E-03
  2.05000E+03 -1.25000E+03  1.39652E-02
  2.15000E+03 -1.25000E+03  9.42090E-03
  2.25000E+03 -1.25000E+03  1.23814E-02
  2.35000E+03 -1.25000E+03  1.67060E-02
  2.45000E+03 -1.25000E+03  7.47249E-03
  2.55000E+03 -1.25000E+03  6.10912E-03
  2.65000E+03 -1.25000E+03  3.04302E-03
  2.75000E+03 -1.25000E+03  7.37750E-03
  2.85000E+03 -1.25000E+03  2.14179E-02
  2.95000E+03 -1.25000E+03  1.07541E-02
  3.05000E+03 -1.25000E+03  8.53980E-03
  3.15000E+03 -1.25000E+03  8.56572E-03
  3.25000E+03 -1.25000E+03  1.51745E-02
  3.35000E+03 -1.25000E+03  1.19454E-02
  3.45000E+03 -1.25000E+03  1.35496E-02
  3.55000E+03 -1.25000E+03  1.88436E-02
  3.65000E+03 -1.25000E+03  1.75989E-02
  3.75000E+03 -1.25000E+03  1.24636E-02
  3.85000E+03 -1.25000E+03  5.88451E-03
  3.95000E+03 -1.25000E+03  3.81715E-03
  5.00000E+01 -1.35000E+03  1.00638E-02
  1.50000E+02 -1.35000E+03  5.50186E-03
  2.50000E+02 -1.35000E+03  1.48833E-02
  3.50000E+02 -1.35000E+03  2.19138E-02
  4.50000E+02 -1.35000E+03  1.57427E-02
  5.50000E+02 -1.35000E+03  1.22490E-02
  6.50000E+02 -1.35000E+03  1.26103E-02
  7.50000E+02 -1.35000E+03  1.15374E-02
  8.50000E+02 -1.35000E+03  1.08078E-02
  9.50000E+02 -1.35000E+03  8.97735E-03
  1.05000E+03 -1.35000E+03  5.32947E-03
  1.15000E+03 -1.35000E+03  6.72917E-03
  1.25000E+03 -1.35000E+03  9.83624E-03
  1.35000E+03 -1.35000E+03  1.70349E-02
  1.45000E+03 -1.35000E+03  9.32334E-03
  1.55000E+03 -1.35000E+03  6.35304E-03
  1.65000E+03 -1.35000E+03  9.98660E-03
  1.75000E+03 -1.35000E+03  1.57403E-02
  1.85000E+03 -1.35000E+03  2.06610E-02
  1.95000E+03 -1.35000E+03  1.29907E-02
  2.05000E+03 -1.35000E+03  1.54797E-02
  2.15000E+03 -1.35000E+03  1.15667E-02
  2.25000E+03 -1.35000E+03  1.78416E-02
  2.35000E+03 -1.35000E+03  1.62605E-02
  2.45000E+03 -1.35000E+03  8.76597E-03
  2.55000E+03 -1.35000E+03  9.65160E-03
  2.65000E+03 -1.35000E+03  7.38659E-03
  2.75000E+03 -1.35000E+03  5.07103E-03
  2.85000E+03 -1.35000E+03  1.11958E-02
  2.95000E+03 -1.35000E+03  1.16729E-02
  3.05000E+03 -1.35000E+03  8.72923E-03
  3.15000E+03 -1.35000E+03  5.83984E-03
  3.25000E+03 -1.35000E+03  1.41266E-02
  3.35000E+03 -1.35000E+03  1.32585E-02
  3.45000E+03 -1.35000E+03  4.91366E-03
  3.55000E+03 -1.35000E+03  1.01484E-02
  3.65000E+03 -1.35000E+03  1.52553E-02
  3.75000E+03 -1.35000E+03  7.38116E-03
  3.85000E+03 -1.35000E+03  5.00101E-03
  3.95000E+03 -1.35000E+03  6.15722E-03
  5.00000E+01 -1.45000E+03  1.47456E-02
  1.50000E+02 -1.45000E+03  1.66170E-02
  2.50000E+02 -1.45000E+03  2.24276E-02
  3.50000E+02 -1.45000E+03  1.89590E-02
  4.50000E+02 -1.45000E+03  2.37933E-02
  5.50000E+02 -1.45000E+03  1.37673E-02
  6.50000E+02 -1.45000E+03  7.88561E-03
  7.50000E+02 -1.45000E+03  1.02410E-02
  8.50000E+02 -1.45000E+03  1.61838E-02
  9.50000E+02 -1.45000E+03  5.82128E-03
  1.05000E+03 -1.45000E+03  5.00775E-03
  1.15000E+03 -1.45000E+03  8.08233E-03
  1.25000E+03 -1.45000E+03  5.46701E-03
  1.35000E+03 -1.45000E+03  1.04598E-02
  1.45000E+03 -1.45000E+03  4.45552E-03
  1.55000E+03 -1.45000E+03  7.58874E-03
  1.65000E+03 -1.45000E+03  1.00365E-02
  1.75000E+03 -1.45000E+03  1.21721E-02
  1.85000E+03 -1.45000E+03  2.03834E-02
  1.95000E+03 -1.45000E+03  1.27130E-02
  2.05000E+03 -1.45000E+03  2.20539E-02
  2.15000E+03 -1.45000E+03  1.53389E-02
  2.25000E+03 -1.45000E+03  1.41550E-02
  2.35000E+03 -1.45000E+03  8.74652E-03
  2.45000E+03 -1.45000E+03  5.64316E-03
  2.55000E+03 -1.45000E+03  9.08427E-03
  2.65000E+03 -1.45000E+03  1.03702E-02
  2.75000E+03 -1.45000E+03  6.70377E-03
  2.85000E+03 -1.45000E+03  6.32772E-03
  2.95000E+03 -1.45000E+03  5.62252E-03
  3.05000E+03 -1.45000E+03  7.55496E-03
  3.15000E+03 -1.45000E+03  7.35025E-03
  3.25000E+03 -1.45000E+03  1.22984E-02
  3.35000E+03 -1.45000E+03  1.70861E-02
  3.45000E+03 -1.45000E+03  1.09164E-02
  3.55000E+03 -1.45000E+03  5.28342E-03
  3.65000E+03 -1.45000E+03  1.16203E-02
  3.75000E+03 -1.45000E+03  8.88258E-03
  3.85000E+03 -1.45000E+03  6.60977E-03
  3.95000E+03 -1.45000E+03  8.26897E-03
  5.00000E+01 -1.55000E+03  2.37463E-02
  1.50000E+02 -1.55000E+03  2.55443E-02
  2.50000E+02 -1.55000E+03  1.80623E-02
  3.50000E+02 -1.55000E+03  2.42341E-02
  4.50000E+02 -1.55000E+03  2.09679E-02
  5.50000E+02 -1.55000E+03  1.16079E-02
  6.50000E+02 -1.55000E+03  6.28574E-03
  7.50000E+02 -1.55000E+03  1.82026E-02
  8.50000E+02 -1.55000E+03  1.31033E-02
  9.50000E+02 -1.55000E+03  4.73606E-03
  1.05000E+03 -1.55000E+03  6.71103E-03
  1.15000E+03 -1.55000E+03  7.50316E-03
  1.25000E+03 -1.55000E+03  3.79274E-03
  1.35000E+03 -1.55000E+03  6.15716E-03
  1.45000E+03 -1.55000E+03  5.06833E-03
  1.55000E+03 -1.55000E+03  3.78786E-03
  1.65000E+03 -1.55000E+03  8.61523E-03
  1.75000E+03 -1.55000E+03  1.12308E-02
  1.85000E+03 -1.55000E+03  1.23771E-02
  1.95000E+03 -1.55000E+03  1.32265E-02
  2.05000E+03 -1.55000E+03  1.87755E-02
  2.15000E+03 -1.55000E+03  1.72629E-02
  2.25000E+03 -1.55000E+03  1.16511E-02
  2.35000E+03 -1.55000E+03  5.05585E-03
  2.45000E+03 -1.55000E+03  1.17461E-02
  2.55000E+03 -1.55000E+03  9.28273E-03
  2.65000E+03 -1.55000E+03  6.63769E-03
  2.75000E+03 -1.55000E+03  8.33202E-03
  2.85000E+03 -1.55000E+03  9.39548E-03
  2.95000E+03 -1.55000E+03  9.91840E-03
  3.05000E+03 -1.55000E+03  5.76490E-03
  3.15000E+03 -1.55000E+03  7.64353E-03
  3.25000E+03 -1.55000E+03  1.38128E-02
  3.35000E+03 -1.55000E+03  1.80171E-02
  3.45000E+03 -1.55000E+03  1.37993E-02
  3.55000E+03 -1.55000E+03  7.72875E-03
  3.65000E+03 -1.55000E+03  7.81687E-03
  3.75000E+03 -1.55000E+03  1.48703E-02
  3.85000E+03 -1.55000E+03  1.48448E-02
  3.95000E+03 -1.55000E+03  1.61339E-02
  5.00000E+01 -1.65000E+03  3.04061E-02
  1.50000E+02 -1.65000E+03  2.28787E-02
  2.50000E+02 -1.65000E+03  2.15018E-02
  3.50000E+02 -1.65000E+03  2.39292E-02
  4.50000E+02 -1.65000E+03  2.39159E-02
  5.50000E+02 -1.65000E+03  9.55790E-03
  6.50000E+02 -1.65000E+03  1.20903E-02
  7.50000E+02 -1.65000E+03  2.62412E-02
  8.50000E+02 -1.65000E+03  1.20230E-02
  9.50000E+02 -1.65000E+03  9.86162E-03
  1.05000E+03 -1.65000E+03  6.40311E-03
  1.15000E+03 -1.65000E+03  5.45941E-03
  1.25000E+03 -1.65000E+03  5.09694E-03
  1.35000E+03 -1.65000E+03  6.34757E-03
  1.45000E+03 -1.65000E+03  4.78774E-03
  1.55000E+03 -1.65000E+03  3.93912E-03
  1.65000E+03 -1.65000E+03  9.02752E-03
  1.75000E+03 -1.65000E+03  7.77971E-03
  1.85000E+03 -1.65000E+03  9.96845E-03
  1.95000E+03 -1.65000E+03  1.75099E-02
  2.05000E+03 -1.65000E+03  1.68756E-02
  2.15000E+03 -1.65000E+03  1.57239E-02
  2.25000E+03 -1.65000E+03  1.06450E-02
  2.35000E+03 -1.65000E+03  8.82960E-03
  2.45000E+03 -1.65000E+03  1.46441E-02
  2.55000E+03 -1.65000E+03  1.09162E-02
  2.65000E+03 -1.65000E+03  7.20855E-03
  2.75000E+03 -1.65000E+03  5.48252E-03
  2.85000E+03 -1.65000E+03  7.53828E-03
  2.95000E+03 -1.65000E+03  1.63027E-02
  3.05000E+03 -1.65000E+03  1.01526E-02
  3.15000E+03 -1.65000E+03  9.11923E-03
  3.25000E+03 -1.65000E+03  1.73299E-02
  3.35000E+03 -1.65000E+03  1.79647E-02
  3.45000E+03 -1.65000E+03  1.88363E-02
  3.55000E+03 -1.65000E+03  1.23854E-02
  3.65000E+03 -1.65000E+03  9.43802E-03
  3.75000E+03 -1.65000E+03  1.93846E-02
  3.85000E+03 -1.65000E+03  2.65215E-02
  3.95000E+03 -1.65000E+03  2.44836E-02
  5.00000E+01 -1.75000E+03  2.81495E-02
  1.50000E+02 -1.75000E+03  2.33469E-02
  2.50000E+02 -1.75000E+03  2.82909E-02
  3.50000E+02 -1.75000E+03  4.61479E-02
  4.50000E+02 -1.75000E+03  2.84012E-02
  5.50000E+02 -1.75000E+03  9.44842E-03
  6.50000E+02 -1.75000E+03  3.04784E-02
  7.50000E+02 -1.75000E+03  2.38274E-02
  8.50000E+02 -1.75000E+03  1.43940E-02
  9.50000E+02 -1.75000E+03  1.32866E-02
  1.05000E+03 -1.75000E+03  1.13117E-02
  1.15000E+03 -1.75000E+03  1.08172E-02
  1.25000E+03 -1.75000E+03  7.65248E-03
  1.35000E+03 -1.75000E+03  3.91817E-03
  1.45000E+03 -1.75000E+03  5.80917E-03
  1.55000E+03 -1.75000E+03  5.79492E-03
  1.65000E+03 -1.75000E+03  1.06018E-02
  1.75000E+03 -1.75000E+03  9.33752E-03
  1.85000E+03 -1.75000E+03  1.16511E-02
  1.95000E+03 -1.75000E+03  1.61599E-02
  2.05000E+03 -1.75000E+03  1.20933E-02
  2.15000E+03 -1.75000E+03  1.58655E-02
  2.25000E+03 -1.75000E+03  6.88512E-03
  2.35000E+03 -1.75000E+03  1.12962E-02
  2.45000E+03 -1.75000E+03  1.28969E-02
  2.55000E+03 -1.75000E+03  8.22936E-03
  2.65000E+03 -1.75000E+03  8.22708E-03
  2.75000E+03 -1.75000E+03  4.36293E-03
  2.85000E+03 -1.75000E+03  8.91588E-03
  2.95000E+03 -1.75000E+03  2.09349E-02
  3.05000E+03 -1.75000E+03  2.34995E-02
  3.15000E+03 -1.75000E+03  1.36920E-02
  3.25000E+03 -1.75000E+03  1.71186E-02
  3.35000E+03 -1.75000E+03  1.76247E-02
  3.45000E+03 -1.75000E+03  1.41059E-02
  3.55000E+03 -1.75000E+03  1.72792E-02
  3.65000E+03 -1.75000E+03  2.31112E-02
  3.75000E+03 -1.75000E+03  2.41513E-02
  3.85000E+03 -1.75000E+03  3.17358E-02
  3.95000E+03 -1.75000E+03  3.57896E-02
  5.00000E+01 -1.85000E+03  2.70242E-02
  1.50000E+02 -1.85000E+03  2.66998E-02
  2.50000E+02 -1.85000E+03  5.18655E-02
  3.50000E+02 -1.85000E+03  5.15258E-02
  4.50000E+02 -1.85000E+03  1.87736E-02
  5.50000E+02 -1.85000E+03  1.64329E-02
  6.50000E+02 -1.85000E+03  3.25974E-02
  7.50000E+02 -1.85000E+03  1.21602E-02
  8.50000E+02 -1.85000E+03  1.33176E-02
  9.50000E+02 -1.85000E+03  1.22659E-02
  1.05000E+03 -1.85000E+03  1.30409E-02
  1.15000E+03 -1.85000E+03  2.03302E-02
  1.25000E+03 -1.85000E+03  1.10178E-02
  1.35000E+03 -1.85000E+03  8.01959E-03
  1.45000E+03 -1.85000E+03  1.19749E-02
  1.55000E+03 -1.85000E+03  5.78930E-03
  1.65000E+03 -1.85000E+03  9.38970E-03
  1.75000E+03 -1.85000E+03  1.02783E-02
  1.85000E+03 -1.85000E+03  1.23119E-02
  1.95000E+03 -1.85000E+03  1.18597E-02
  2.05000E+03 -1.85000E+03  9.78331E-03
  2.15000E+03 -1.85000E+03  1.20271E-02
  2.25000E+03 -1.85000E+03  4.96766E-03
  2.35000E+03 -1.85000E+03  7.87095E-03
  2.45000E+03 -1.85000E+03  9.22383E-03
  2.55000E+03 -1.85000E+03  4.31687E-03
  2.65000E+03 -1.85000E+03  1.17710E-02
  2.75000E+03 -1.85000E+03  1.23306E-02
  2.85000E+03 -1.85000E+03  1.12414E-02
  2.95000E+03 -1.85000E+03  1.39997E-02
  3.05000E+03 -1.85000E+03  3.17856E-02
  3.15000E+03 -1.85000E+03  1.47487E-02
  3.25000E+03 -1.85000E+03  1.17865E-02
  3.35000E+03 -1.85000E+03  1.81629E-02
  3.45000E+03 -1.85000E+03  1.22079E-02
  3.55000E+03 -1.85000E+03  1.88853E-02
  3.65000E+03 -1.85000E+03  3.49694E-02
  3.75000E+03 -1.85000E+03  3.38810E-02
  3.85000E+03 -1.85000E+03  3.62491E-02
  3.95000E+03 -1.85000E+03  4.21803E-02
  5.00000E+01 -1.95000E+03  3.54416E-02
  1.50000E+02 -1.95000E+03  4.06837E-02
  2.50000E+02 -1.95000E+03  4.87748E-02
  3.50000E+02 -1.95000E+03  3.95575E-02
  4.50000E+02 -1.95000E+03  1.53787E-02
  5.50000E+02 -1.95000E+03  2.38282E-02
  6.50000E+02 -1.95000E+03  2.16044E-02
  7.50000E+02 -1.95000E+03  5.06820E-03
  8.50000E+02 -1.95000E+03  1.04821E-02
  9.50000E+02 -1.95000E+03  1.04989E-02
  1.05000E+03 -1.95000E+03  1.07971E-02
  1.15000E+03 -1.95000E+03  1.61987E-02
  1.25000E+03 -1.95000E+03  1.07073E-02
  1.35000E+03 -1.95000E+03  1.64277E-02
  1.45000E+03 -1.95000E+03  1.62651E-02
  1.55000E+03 -1.95000E+03  6.33530E-03
  1.65000E+03 -1.95000E+03  1.05845E-02
  1.75000E+03 -1.95000E+03  1.51573E-02
  1.85000E+03 -1.95000E+03  1.45202E-02
  1.95000E+03 -1.95000E+03  1.16149E-02
  2.05000E+03 -1.95000E+03  1.24921E-02
  2.15000E+03 -1.95000E+03  1.31762E-02
  2.25000E+03 -1.95000E+03  5.12974E-03
  2.35000E+03 -1.95000E+03  8.37269E-03
  2.45000E+03 -1.95000E+03  1.14714E-02
  2.55000E+03 -1.95000E+03  7.57924E-03
  2.65000E+03 -1.95000E+03  2.10162E-02
  2.75000E+03 -1.95000E+03  1.39977E-02
  2.85000E+03 -1.95000E+03  1.14824E-02
  2.95000E+03 -1.95000E+03  1.04512E-02
  3.05000E+03 -1.95000E+03  2.58753E-02
  3.15000E+03 -1.95000E+03  1.56297E-02
  3.25000E+03 -1.95000E+03  5.24869E-03
  3.35000E+03 -1.95000E+03  1.41532E-02
  3.45000E+03 -1.95000E+03  1.38750E-02
  3.55000E+03 -1.95000E+03  9.77924E-03
  3.65000E+03 -1.95000E+03  3.25785E-02
  3.75000E+03 -1.95000E+03  3.29287E-02
  3.85000E+03 -1.95000E+03  3.55074E-02
  3.95000E+03 -1.95000E+03  4.89322E-02
  5.00000E+01 -2.05000E+03  4.62090E-02
  1.50000E+02 -2.05000E+03  5.17903E-02
  2.50000E+02 -2.05000E+03  6.15618E-02
  3.50000E+02 -2.05000E+03  2.88703E-02
  4.50000E+02 -2.05000E+03  1.58719E-02
  5.50000E+02 -2.05000E+03  1.93942E-02
  6.50000E+02 -2.05000E+03  9.75752E-03
  7.50000E+02 -2.05000E+03  6.89829E-03
  8.50000E+02 -2.05000E+03  7.95423E-03
  9.50000E+02 -2.05000E+03  7.28866E-03
  1.05000E+03 -2.05000E+03  8.43270E-03
  1.15000E+03 -2.05000E+03  1.08570E-02
  1.25000E+03 -2.05000E+03  8.41128E-03
  1.35000E+03 -2.05000E+03  1.66926E-02
  1.45000E+03 -2.05000E+03  1.29404E-02
  1.55000E+03 -2.05000E+03  5.43075E-03
  1.65000E+03 -2.05000E+03  1.36754E-02
  1.75000E+03 -2.05000E+03  1.96484E-02
  1.85000E+03 -2.05000E+03  2.11751E-02
  1.95000E+03 -2.05000E+03  1.64405E-02
  2.05000E+03 -2.05000E+03  1.48100E-02
  2.15000E+03 -2.05000E+03  1.62981E-02
  2.25000E+03 -2.05000E+03  5.70607E-03
  2.35000E+03 -2.05000E+03  1.22525E-02
  2.45000E+03 -2.05000E+03  1.46376E-02
  2.55000E+03 -2.05000E+03  9.70383E-03
  2.65000E+03 -2.05000E+03  2.15254E-02
  2.75000E+03 -2.05000E+03  1.31826E-02
  2.85000E+03 -2.05000E+03  9.93924E-03
  2.95000E+03 -2.05000E+03  9.48024E-03
  3.05000E+03 -2.05000E+03  1.35290E-02
  3.15000E+03 -2.05000E+03  1.61074E-02
  3.25000E+03 -2.05000E+03  5.49054E-03
  3.35000E+03 -2.05000E+03  1.04678E-02
  3.45000E+03 -2.05000E+03  1.15569E-02
  3.55000E+03 -2.05000E+03  8.87652E-03
  3.65000E+03 -2.05000E+03  3.28616E-02
  3.75000E+03 -2.05000E+03  5.22628E-02
  3.85000E+03 -2.05000E+03  3.99474E-02
  3.95000E+03 -2.05000E+03  5.51356E-02
  5.00000E+01 -2.15000E+03  5.52705E-02
  1.50000E+02 -2.15000E+03  7.55803E-02
  2.50000E+02 -2.15000E+03  6.21977E-02
  3.50000E+02 -2.15000E+03  1.55973E-02
  4.50000E+02 -2.15000E+03  1.36901E-02
  5.50000E+02 -2.15000E+03  1.04741E-02
  6.50000E+02 -2.15000E+03  8.78042E-03
  7.50000E+02 -2.15000E+03  9.91358E-03
  8.50000E+02 -2.15000E+03  9.52845E-03
  9.50000E+02 -2.15000E+03  6.38591E-03
  1.05000E+03 -2.15000E+03  3.39578E-03
  1.15000E+03 -2.15000E+03  6.67967E-03
  1.25000E+03 -2.15000E+03  5.50637E-03
  1.35000E+03 -2.15000E+03  1.51218E-02
  1.45000E+03 -2.15000E+03  5.21470E-03
  1.55000E+03 -2.15000E+03  5.31345E-03
  1.65000E+03 -2.15000E+03  9.58170E-03
  1.75000E+03 -2.15000E+03  1.88840E-02
  1.85000E+03 -2.15000E+03  1.60776E-02
  1.95000E+03 -2.15000E+03  2.02308E-02
  2.05000E+03 -2.15000E+03  1.47956E-02
  2.15000E+03 -2.15000E+03  1.47866E-02
  2.25000E+03 -2.15000E+03  5.64397E-03
  2.35000E+03 -2.15000E+03  1.31620E-02
  2.45000E+03 -2.15000E+03  1.32448E-02
  2.55000E+03 -2.15000E+03  7.92880E-03
  2.65000E+03 -2.15000E+03  1.52519E-02
  2.75000E+03 -2.15000E+03  1.37088E-02
  2.85000E+03 -2.15000E+03  6.95680E-03
  2.95000E+03 -2.15000E+03  1.19776E-02
  3.05000E+03 -2.15000E+03  1.16281E-02
  3.15000E+03 -2.15000E+03  1.09065E-02
  3.25000E+03 -2.15000E+03  7.15349E-03
  3.35000E+03 -2.15000E+03  7.54998E-03
  3.45000E+03 -2.15000E+03  1.05845E-02
  3.55000E+03 -2.15000E+03  7.86596E-03
  3.65000E+03 -2.15000E+03  1.29515E-02
  3.75000E+03 -2.15000E+03  6.19222E-02
  3.85000E+03 -2.15000E+03  7.03178E-02
  3.95000E+03 -2.15000E+03  5.71982E-02
  5.00000E+01 -2.25000E+03  7.01418E-02
  1.50000E+02 -2.25000E+03  9.03815E-02
  2.50000E+02 -2.25000E+03  4.89162E-02
  3.50000E+02 -2.25000E+03  1.20180E-02
  4.50000E+02 -2.25000E+03  1.16755E-02
  5.50000E+02 -2.25000E+03  1.03206E-02
  6.50000E+02 -2.25000E+03  1.13752E-02
  7.50000E+02 -2.25000E+03  9.80325E-03
  8.50000E+02 -2.25000E+03  1.41776E-02
  9.50000E+02 -2.25000E+03  5.44642E-03
  1.05000E+03 -2.25000E+03  4.66098E-03
  1.15000E+03 -2.25000E+03  6.66452E-03
  1.25000E+03 -2.25000E+03  5.19490E-03
  1.35000E+03 -2.25000E+03  5.89357E-03
  1.45000E+03 -2.25000E+03  5.27287E-03
  1.55000E+03 -2.25000E+03  7.43461E-03
  1.65000E+03 -2.25000E+03  5.24698E-03
  1.75000E+03 -2.25000E+03  1.58876E-02
  1.85000E+03 -2.25000E+03  1.53413E-02
  1.95000E+03 -2.25000E+03  1.58492E-02
  2.05000E+03 -2.25000E+03  1.34813E-02
  2.15000E+03 -2.25000E+03  1.17016E-02
  2.25000E+03 -2.25000E+03  4.82770E-03
  2.35000E+03 -2.25000E+03  1.02288E-02
  2.45000E+03 -2.25000E+03  1.44236E-02
  2.55000E+03 -2.25000E+03  6.16152E-03
  2.65000E+03 -2.25000E+03  1.03083E-02
  2.75000E+03 -2.25000E+03  1.44706E-02
  2.85000E+03 -2.25000E+03  5.43330E-03
  2.95000E+03 -2.25000E+03  1.19986E-02
  3.05000E+03 -2.25000E+03  2.05391E-02
  3.15000E+03 -2.25000E+03  8.86427E-03
  3.25000E+03 -2.25000E+03  5.47647E-03
  3.35000E+03 -2.25000E+03  6.13214E-03
  3.45000E+03 -2.25000E+03  1.17398E-02
  3.55000E+03 -2.25000E+03  1.05059E-02
  3.65000E+03 -2.25000E+03  1.07287E-02
  3.75000E+03 -2.25000E+03  5.40322E-02
  3.85000E+03 -2.25000E+03  9.08318E-02
  3.95000E+03 -2.25000E+03  7.56680E-02
  5.00000E+01 -2.35000E+03  8.89924E-02
  1.50000E+02 -2.35000E+03  7.18660E-02
  2.50000E+02 -2.35000E+03  2.54193E-02
  3.50000E+02 -2.35000E+03  1.48545E-02
  4.50000E+02 -2.35000E+03  8.18733E-03
  5.50000E+02 -2.35000E+03  1.31298E-02
  6.50000E+02 -2.35000E+03  1.27550E-02
  7.50000E+02 -2.35000E+03  1.52440E-02
  8.50000E+02 -2.35000E+03  1.47795E-02
  9.50000E+02 -2.35000E+03  5.07109E-03
  1.05000E+03 -2.35000E+03  7.07274E-03
  1.15000E+03 -2.35000E+03  1.15578E-02
  1.25000E+03 -2.35000E+03  1.90690E-03
  1.35000E+03 -2.35000E+03  1.23103E-03
  1.45000E+03 -2.35000E+03  1.02745E-02
  1.55000E+03 -2.35000E+03  1.12835E-02
  1.65000E+03 -2.35000E+03  3.72486E-03
  1.75000E+03 -2.35000E+03  1.62126E-02
  1.85000E+03 -2.35000E+03  1.41042E-02
  1.95000E+03 -2.35000E+03  1.30727E-02
  2.05000E+03 -2.35000E+03  1.44213E-02
  2.15000E+03 -2.35000E+03  1.25513E-02
  2.25000E+03 -2.35000E+03  7.85114E-03
  2.35000E+03 -2.35000E+03  1.14597E-02
  2.45000E+03 -2.35000E+03  1.60180E-02
  2.55000E+03 -2.35000E+03  7.43415E-03
  2.65000E+03 -2.35000E+03  7.79158E-03
  2.75000E+03 -2.35000E+03  1.69441E-02
  2.85000E+03 -2.35000E+03  6.06181E-03
  2.95000E+03 -2.35000E+03  7.32287E-03
  3.05000E+03 -2.35000E+03  2.38381E-02
  3.15000E+03 -2.35000E+03  1.40232E-02
  3.25000E+03 -2.35000E+03  5.91791E-03
  3.35000E+03 -2.35000E+03  5.77090E-03
  3.45000E+03 -2.35000E+03  1.01451E-02
  3.55000E+03 -2.35000E+03  1.13291E-02
  3.65000E+03 -2.35000E+03  9.33339E-03
  3.75000E+03 -2.35000E+03  2.45814E-02
  3.85000E+03 -2.35000E+03  7.87172E-02
  3.95000E+03 -2.35000E+03  9.11453E-02
  5.00000E+01 -2.45000E+03  7.09150E-02
  1.50000E+02 -2.45000E+03  3.89936E-02
  2.50000E+02 -2.45000E+03  1.17748E-02
  3.50000E+02 -2.45000E+03  9.01272E-03
  4.50000E+02 -2.45000E+03  1.05176E-02
  5.50000E+02 -2.45000E+03  1.34899E-02
  6.50000E+02 -2.45000E+03  1.32955E-02
  7.50000E+02 -2.45000E+03  1.60482E-02
  8.50000E+02 -2.45000E+03  9.48718E-03
  9.50000E+02 -2.45000E+03  8.45225E-03
  1.05000E+03 -2.45000E+03  1.34675E-02
  1.15000E+03 -2.45000E+03  9.70491E-03
  1.25000E+03 -2.45000E+03  7.68731E-04
  1.35000E+03 -2.45000E+03  2.37920E-03
  1.45000E+03 -2.45000E+03  1.46267E-02
  1.55000E+03 -2.45000E+03  1.21307E-02
  1.65000E+03 -2.45000E+03  2.42868E-03
  1.75000E+03 -2.45000E+03  1.75713E-02
  1.85000E+03 -2.45000E+03  1.33913E-02
  1.95000E+03 -2.45000E+03  1.65528E-02
  2.05000E+03 -2.45000E+03  2.12501E-02
  2.15000E+03 -2.45000E+03  2.04503E-02
  2.25000E+03 -2.45000E+03  1.53169E-02
  2.35000E+03 -2.45000E+03  1.32907E-02
  2.45000E+03 -2.45000E+03  1.70654E-02
  2.55000E+03 -2.45000E+03  1.00759E-02
  2.65000E+03 -2.45000E+03  6.40890E-03
  2.75000E+03 -2.45000E+03  1.38290E-02
  2.85000E+03 -2.45000E+03  6.95474E-03
  2.95000E+03 -2.45000E+03  3.39422E-03
  3.05000E+03 -2.45000E+03  2.08981E-02
  3.15000E+03 -2.45000E+03  1.92665E-02
  3.25000E+03 -2.45000E+03  9.02301E-03
  3.35000E+03 -2.45000E+03  7.04748E-03
  3.45000E+03 -2.45000E+03  9.10651E-03
  3.55000E+03 -2.45000E+03  1.25260E-02
  3.65000E+03 -2.45000E+03  1.19648E-02
  3.75000E+03 -2.45000E+03  9.99338E-03
  3.85000E+03 -2.45000E+03  4.13099E-02
  3.95000E+03 -2.45000E+03  7.41932E-02
  5.00000E+01 -2.55000E+03  4.10683E-02
  1.50000E+02 -2.55000E+03  1.84617E-02
  2.50000E+02 -2.55000E+03  1.19668E-02
  3.50000E+02 -2.55000E+03  9.51891E-03
  4.50000E+02 -2.55000E+03  1.43317E-02
  5.50000E+02 -2.55000E+03  1.26476E-02
  6.50000E+02 -2.55000E+03  1.55895E-02
  7.50000E+02 -2.55000E+03  1.42570E-02
  8.50000E+02 -2.55000E+03  1.23874E-02
  9.50000E+02 -2.55000E+03  1.60835E-02
  1.05000E+03 -2.55000E+03  1.54135E-02
  1.15000E+03 -2.55000E+03  7.75380E-03
  1.25000E+03 -2.55000E+03  4.28892E-03
  1.35000E+03 -2.55000E+03  6.07429E-03
  1.45000E+03 -2.55000E+03  1.66524E-02
  1.55000E+03 -2.55000E+03  1.07639E-02
  1.65000E+03 -2.55000E+03  4.11972E-03
  1.75000E+03 -2.55000E+03  1.54004E-02
  1.85000E+03 -2.55000E+03  1.10911E-02
  1.95000E+03 -2.55000E+03  1.54715E-02
  2.05000E+03 -2.55000E+03  2.84086E-02
  2.15000E+03 -2.55000E+03  3.08083E-02
  2.25000E+03 -2.55000E+03  2.57021E-02
  2.35000E+03 -2.55000E+03  1.31457E-02
  2.45000E+03 -2.55000E+03  1.63327E-02
  2.55000E+03 -2.55000E+03  8.90063E-03
  2.65000E+03 -2.55000E+03  7.34046E-03
  2.75000E+03 -2.55000E+03  1.01203E-02
  2.85000E+03 -2.55000E+03  8.99245E-03
  2.95000E+03 -2.55000E+03  5.96741E-03
  3.05000E+03 -2.55000E+03  1.05192E-02
  3.15000E+03 -2.55000E+03  2.13317E-02
  3.25000E+03 -2.55000E+03  1.37227E-02
  3.35000E+03 -2.55000E+03  1.44305E-02
  3.45000E+03 -2.55000E+03  1.33883E-02
  3.55000E+03 -2.55000E+03  1.37903E-02
  3.65000E+03 -2.55000E+03  1.61588E-02
  3.75000E+03 -2.55000E+03  1.44410E-02
  3.85000E+03 -2.55000E+03  1.54996E-02
  3.95000E+03 -2.55000E+03  4.46658E-02
  5.00000E+01 -2.65000E+03  2.56169E-02
  1.50000E+02 -2.65000E+03  1.73238E-02
  2.50000E+02 -2.65000E+03  1.23530E-02
  3.50000E+02 -2.65000E+03  1.33898E-02
  4.50000E+02 -2.65000E+03  1.74978E-02
  5.50000E+02 -2.65000E+03  1.76294E-02
  6.50000E+02 -2.65000E+03  1.78320E-02
  7.50000E+02 -2.65000E+03  1.72338E-02
  8.50000E+02 -2.65000E+03  2.10217E-02
  9.50000E+02 -2.65000E+03  2.28291E-02
  1.05000E+03 -2.65000E+03  1.87584E-02
  1.15000E+03 -2.65000E+03  1.04828E-02
  1.25000E+03 -2.65000E+03  9.39228E-03
  1.35000E+03 -2.65000E+03  1.01531E-02
  1.45000E+03 -2.65000E+03  1.67324E-02
  1.55000E+03 -2.65000E+03  1.17596E-02
  1.65000E+03 -2.65000E+03  8.25632E-03
  1.75000E+03 -2.65000E+03  1.70172E-02
  1.85000E+03 -2.65000E+03  1.03482E-02
  1.95000E+03 -2.65000E+03  1.61826E-02
  2.05000E+03 -2.65000E+03  3.30654E-02
  2.15000E+03 -2.65000E+03  4.38314E-02
  2.25000E+03 -2.65000E+03  4.02944E-02
  2.35000E+03 -2.65000E+03  2.01287E-02
  2.45000E+03 -2.65000E+03  1.80250E-02
  2.55000E+03 -2.65000E+03  1.16518E-02
  2.65000E+03 -2.65000E+03  9.65024E-03
  2.75000E+03 -2.65000E+03  9.65866E-03
  2.85000E+03 -2.65000E+03  1.43495E-02
  2.95000E+03 -2.65000E+03  1.10980E-02
  3.05000E+03 -2.65000E+03  1.13914E-02
  3.15000E+03 -2.65000E+03  1.97379E-02
  3.25000E+03 -2.65000E+03  1.81313E-02
  3.35000E+03 -2.65000E+03  1.88662E-02
  3.45000E+03 -2.65000E+03  2.46624E-02
  3.55000E+03 -2.65000E+03  2.02433E-02
  3.65000E+03 -2.65000E+03  1.91101E-02
  3.75000E+03 -2.65000E+03  1.82783E-02
  3.85000E+03 -2.65000E+03  1.74528E-02
  3.95000E+03 -2.65000E+03  2.12223E-02
  5.00000E+01 -2.75000E+03  2.40443E-02
  1.50000E+02 -2.75000E+03  1.24111E-02
  2.50000E+02 -2.75000E+03  1.23743E-02
  3.50000E+02 -2.75000E+03  1.57899E-02
  4.50000E+02 -2.75000E+03  1.88085E-02
  5.50000E+02 -2.75000E+03  2.06302E-02
  6.50000E+02 -2.75000E+03  2.00864E-02
  7.50000E+02 -2.75000E+03  2.52853E-02
  8.50000E+02 -2.75000E+03  2.67113E-02
  9.50000E+02 -2.75000E+03  2.51393E-02
  1.05000E+03 -2.75000E+03  2.01856E-02
  1.15000E+03 -2.75000E+03  1.65324E-02
  1.25000E+03 -2.75000E+03  1.53447E-02
  1.35000E+03 -2.75000E+03  1.72666E-02
  1.45000E+03 -2.75000E+03  1.96463E-02
  1.55000E+03 -2.75000E+03  1.43464E-02
  1.65000E+03 -2.75000E+03  1.34334E-02
  1.75000E+03 -2.75000E+03  1.88388E-02
  1.85000E+03 -2.75000E+03  9.48594E-03
  1.95000E+03 -2.75000E+03  1.71269E-02
  2.05000E+03 -2.75000E+03  3.68854E-02
  2.15000E+03 -2.75000E+03  5.73079E-02
  2.25000E+03 -2.75000E+03  6.02016E-02
  2.35000E+03 -2.75000E+03  2.75941E-02
  2.45000E+03 -2.75000E+03  1.63892E-02
  2.55000E+03 -2.75000E+03  1.46673E-02
  2.65000E+03 -2.75000E+03  1.51161E-02
  2.75000E+03 -2.75000E+03  1.31049E-02
  2.85000E+03 -2.75000E+03  1.89296E-02
  2.95000E+03 -2.75000E+03  2.06796E-02
  3.05000E+03 -2.75000E+03  1.60247E-02
  3.15000E+03 -2.75000E+03  1.32112E-02
  3.25000E+03 -2.75000E+03  2.45956E-02
  3.35000E+03 -2.75000E+03  1.96653E-02
  3.45000E+03 -2.75000E+03  2.91008E-02
  3.55000E+03 -2.75000E+03  2.86809E-02
  3.65000E+03 -2.75000E+03  1.97378E-02
  3.75000E+03 -2.75000E+03  2.18147E-02
  3.85000E+03 -2.75000E+03  2.07192E-02
  3.95000E+03 -2.75000E+03  2.35874E-02
  5.00000E+01 -2.85000E+03  1.85736E-02
  1.50000E+02 -2.85000E+03  9.57578E-03
  2.50000E+02 -2.85000E+03  1.19129E-02
  3.50000E+02 -2.85000E+03  1.41638E-02
  4.50000E+02 -2.85000E+03  1.82245E-02
  5.50000E+02 -2.85000E+03  2.08384E-02
  6.50000E+02 -2.85000E+03  2.16757E-02
  7.50000E+02 -2.85000E+03  3.00015E-02
  8.50000E+02 -2.85000E+03  3.01158E-02
  9.50000E+02 -2.85000E+03  3.03487E-02
  1.05000E+03 -2.85000E+03  2.51110E-02
  1.15000E+03 -2.85000E+03  2.50746E-02
  1.25000E+03 -2.85000E+03  2.17461E-02
  1.35000E+03 -2.85000E+03  2.37181E-02
  1.45000E+03 -2.85000E+03  2.15995E-02
  1.55000E+03 -2.85000E+03  1.97085E-02
  1.65000E+03 -2.85000E+03  2.14846E-02
  1.75000E+03 -2.85000E+03  2.35088E-02
  1.85000E+03 -2.85000E+03  1.20308E-02
  1.95000E+03 -2.85000E+03  1.89379E-02
  2.05000E+03 -2.85000E+03  4.16591E-02
  2.15000E+03 -2.85000E+03  7.19069E-02
  2.25000E+03 -2.85000E+03  7.67260E-02
  2.35000E+03 -2.85000E+03  3.92777E-02
  2.45000E+03 -2.85000E+03  2.14538E-02
  2.55000E+03 -2.85000E+03  1.74554E-02
  2.65000E+03 -2.85000E+03  1.65543E-02
  2.75000E+03 -2.85000E+03  1.81264E-02
  2.85000E+03 -2.85000E+03  2.36472E-02
  2.95000E+03 -2.85000E+03  2.87908E-02
  3.05000E+03 -2.85000E+03  3.27571E-02
  3.15000E+03 -2.85000E+03  1.62620E-02
  3.25000E+03 -2.85000E+03  2.09284E-02
  3.35000E+03 -2.85000E+03  2.02211E-02
  3.45000E+03 -2.85000E+03  2.45746E-02
  3.55000E+03 -2.85000E+03  3.20758E-02
  3.65000E+03 -2.85000E+03  2.32069E-02
  3.75000E+03 -2.85000E+03  1.70909E-02
  3.85000E+03 -2.85000E+03  1.63094E-02
  3.95000E+03 -2.85000E+03  2.24167E-02
  5.00000E+01 -2.95000E+03  9.83479E-03
  1.50000E+02 -2.95000E+03  7.44303E-03
  2.50000E+02 -2.95000E+03  1.00664E-02
  3.50000E+02 -2.95000E+03  1.22981E-02
  4.50000E+02 -2.95000E+03  1.69347E-02
  5.50000E+02 -2.95000E+03  1.87196E-02
  6.50000E+02 -2.95000E+03  2.27019E-02
  7.50000E+02 -2.95000E+03  3.01569E-02
  8.50000E+02 -2.95000E+03  2.92574E-02
  9.50000E+02 -2.95000E+03  3.16651E-02
  1.05000E+03 -2.95000E+03  2.87199E-02
  1.15000E+03 -2.95000E+03  2.90659E-02
  1.25000E+03 -2.95000E+03  2.61338E-02
  1.35000E+03 -2.95000E+03  2.52527E-02
  1.45000E+03 -2.95000E+03  2.40402E-02
  1.55000E+03 -2.95000E+03  2.43552E-02
  1.65000E+03 -2.95000E+03  2.63736E-02
  1.75000E+03 -2.95000E+03  2.47821E-02
  1.85000E+03 -2.95000E+03  1.25302E-02
  1.95000E+03 -2.95000E+03  2.40250E-02
  2.05000E+03 -2.95000E+03  4.78062E-02
  2.15000E+03 -2.95000E+03  8.20272E-02
  2.25000E+03 -2.95000E+03  9.03180E-02
  2.35000E+03 -2.95000E+03  5.22158E-02
  2.45000E+03 -2.95000E+03  2.83401E-02
  2.55000E+03 -2.95000E+03  2.14525E-02
  2.65000E+03 -2.95000E+03  2.07618E-02
  2.75000E+03 -2.95000E+03  2.70171E-02
  2.85000E+03 -2.95000E+03  2.53456E-02
  2.95000E+03 -2.95000E+03  3.34034E-02
  3.05000E+03 -2.95000E+03  3.73228E-02
  3.15000E+03 -2.95000E+03  2.04383E-02
  3.25000E+03 -2.95000E+03  1.26867E-02
  3.35000E+03 -2.95000E+03  1.90063E-02
  3.45000E+03 -2.95000E+03  1.83338E-02
  3.55000E+03 -2.95000E+03  2.51747E-02
  3.65000E+03 -2.95000E+03  2.36127E-02
  3.75000E+03 -2.95000E+03  1.53445E-02
  3.85000E+03 -2.95000E+03  1.30917E-02
  3.95000E+03 -2.95000E+03  1.35954E-02
  5.00000E+01 -3.05000E+03  5.84039E-03
  1.50000E+02 -3.05000E+03  7.68028E-03
  2.50000E+02 -3.05000E+03  6.30038E-03
  3.50000E+02 -3.05000E+03  1.14387E-02
  4.50000E+02 -3.05000E+03  1.68995E-02
  5.50000E+02 -3.05000E+03  1.62102E-02
  6.50000E+02 -3.05000E+03  2.15197E-02
  7.50000E+02 -3.05000E+03  2.32600E-02
  8.50000E+02 -3.05000E+03  2.91900E-02
  9.50000E+02 -3.05000E+03  2.97773E-02
  1.05000E+03 -3.05000E+03  2.80337E-02
  1.15000E+03 -3.05000E+03  2.94352E-02
  1.25000E+03 -3.05000E+03  2.57771E-02
  1.35000E+03 -3.05000E+03  2.79717E-02
  1.45000E+03 -3.05000E+03  2.60058E-02
  1.55000E+03 -3.05000E+03  3.04919E-02
  1.65000E+03 -3.05000E+03  3.30901E-02
  1.75000E+03 -3.05000E+03  2.56107E-02
  1.85000E+03 -3.05000E+03  1.53292E-02
  1.95000E+03 -3.05000E+03  2.82045E-02
  2.05000E+03 -3.05000E+03  5.10013E-02
  2.15000E+03 -3.05000E+03  8.57845E-02
  2.25000E+03 -3.05000E+03  9.93612E-02
  2.35000E+03 -3.05000E+03  6.73868E-02
  2.45000E+03 -3.05000E+03  3.51391E-02
  2.55000E+03 -3.05000E+03  2.61388E-02
  2.65000E+03 -3.05000E+03  2.15637E-02
  2.75000E+03 -3.05000E+03  3.10762E-02
  2.85000E+03 -3.05000E+03  2.66214E-02
  2.95000E+03 -3.05000E+03  3.04658E-02
  3.05000E+03 -3.05000E+03  3.52999E-02
  3.15000E+03 -3.05000E+03  2.65389E-02
  3.25000E+03 -3.05000E+03  1.05134E-02
  3.35000E+03 -3.05000E+03  1.60491E-02
  3.45000E+03 -3.05000E+03  1.66665E-02
  3.55000E+03 -3.05000E+03  1.60150E-02
  3.65000E+03 -3.05000E+03  1.90729E-02
  3.75000E+03 -3.05000E+03  1.54755E-02
  3.85000E+03 -3.05000E+03  1.10151E-02
  3.95000E+03 -3.05000E+03  7.57396E-03
  5.00000E+01 -3.15000E+03  5.61479E-03
  1.50000E+02 -3.15000E+03  5.47054E-03
  2.50000E+02 -3.15000E+03  9.22937E-03
  3.50000E+02 -3.15000E+03  1.26791E-02
  4.50000E+02 -3.15000E+03  1.47480E-02
  5.50000E+02 -3.15000E+03  1.35437E-02
  6.50000E+02 -3.15000E+03  1.66837E-02
  7.50000E+02 -3.15000E+03  1.90379E-02
  8.50000E+02 -3.15000E+03  2.61933E-02
  9.50000E+02 -3.15000E+03  2.42225E-02
  1.05000E+03 -3.15000E+03  2.56151E-02
  1.15000E+03 -3.15000E+03  2.52480E-02
  1.25000E+03 -3.15000E+03  2.53874E-02
  1.35000E+03 -3.15000E+03  2.91702E-02
  1.45000E+03 -3.15000E+03  2.64490E-02
  1.55000E+03 -3.15000E+03  2.94722E-02
  1.65000E+03 -3.15000E+03  3.34064E-02
  1.75000E+03 -3.15000E+03  2.44239E-02
  1.85000E+03 -3.15000E+03  1.59211E-02
  1.95000E+03 -3.15000E+03  2.88630E-02
  2.05000E+03 -3.15000E+03  5.23930E-02
  2.15000E+03 -3.15000E+03  8.45009E-02
  2.25000E+03 -3.15000E+03  1.03511E-01
  2.35000E+03 -3.15000E+03  7.20383E-02
  2.45000E+03 -3.15000E+03  3.95862E-02
  2.55000E+03 -3.15000E+03  2.82044E-02
  2.65000E+03 -3.15000E+03  2.26201E-02
  2.75000E+03 -3.15000E+03  2.90545E-02
  2.85000E+03 -3.15000E+03  2.78838E-02
  2.95000E+03 -3.15000E+03  2.71243E-02
  3.05000E+03 -3.15000E+03  2.77723E-02
  3.15000E+03 -3.15000E+03  2.85824E-02
  3.25000E+03 -3.15000E+03  1.08210E-02
  3.35000E+03 -3.15000E+03  1.28566E-02
  3.45000E+03 -3.15000E+03  1.66613E-02
  3.55000E+03 -3.15000E+03  1.35428E-02
  3.65000E+03 -3.15000E+03  1.39175E-02
  3.75000E+03 -3.15000E+03  1.38092E-02
  3.85000E+03 -3.15000E+03  1.33693E-02
  3.95000E+03 -3.15000E+03  7.37012E-03
  5.00000E+01 -3.25000E+03  1.02988E-02
  1.50000E+02 -3.25000E+03  5.22084E-03
  2.50000E+02 -3.25000E+03  9.84129E-03
  3.50000E+02 -3.25000E+03  1.42314E-02
  4.50000E+02 -3.25000E+03  1.27215E-02
  5.50000E+02 -3.25000E+03  1.29715E-02
  6.50000E+02 -3.25000E+03  1.35562E-02
  7.50000E+02 -3.25000E+03  1.57304E-02
  8.50000E+02 -3.25000E+03  2.13401E-02
  9.50000E+02 -3.25000E+03  1.94664E-02
  1.05000E+03 -3.25000E+03  2.02871E-02
  1.15000E+03 -3.25000E+03  2.03588E-02
  1.25000E+03 -3.25000E+03  2.27109E-02
  1.35000E+03 -3.25000E+03  2.36100E-02
  1.45000E+03 -3.25000E+03  2.15546E-02
  1.55000E+03 -3.25000E+03  2.57190E-02
  1.65000E+03 -3.25000E+03  3.19434E-02
  1.75000E+03 -3.25000E+03  1.98717E-02
  1.85000E+03 -3.25000E+03  1.49245E-02
  1.95000E+03 -3.25000E+03  2.88944E-02
  2.05000E+03 -3.25000E+03  5.36076E-02
  2.15000E+03 -3.25000E+03  8.22446E-02
  2.25000E+03 -3.25000E+03  1.01402E-01
  2.35000E+03 -3.25000E+03  7.03222E-02
  2.45000E+03 -3.25000E+03  4.04766E-02
  2.55000E+03 -3.25000E+03  2.39107E-02
  2.65000E+03 -3.25000E+03  1.89727E-02
  2.75000E+03 -3.25000E+03  2.35945E-02
  2.85000E+03 -3.25000E+03  2.44353E-02
  2.95000E+03 -3.25000E+03  2.17334E-02
  3.05000E+03 -3.25000E+03  2.30161E-02
  3.15000E+03 -3.25000E+03  2.55054E-02
  3.25000E+03 -3.25000E+03  1.12778E-02
  3.35000E+03 -3.25000E+03  9.07501E-03
  3.45000E+03 -3.25000E+03  1.97725E-02
  3.55000E+03 -3.25000E+03  1.68529E-02
  3.65000E+03 -3.25000E+03  1.14057E-02
  3.75000E+03 -3.25000E+03  1.23428E-02
  3.85000E+03 -3.25000E+03  1.25663E-02
  3.95000E+03 -3.25000E+03  1.30968E-02
  5.00000E+01 -3.35000E+03  7.56784E-03
  1.50000E+02 -3.35000E+03  9.06498E-03
  2.50000E+02 -3.35000E+03  1.30678E-02
  3.50000E+02 -3.35000E+03  1.61633E-02
  4.50000E+02 -3.35000E+03  1.17053E-02
  5.50000E+02 -3.35000E+03  1.09733E-02
  6.50000E+02 -3.35000E+03  1.09234E-02
  7.50000E+02 -3.35000E+03  1.41106E-02
  8.50000E+02 -3.35000E+03  1.74550E-02
  9.50000E+02 -3.35000E+03  1.59991E-02
  1.05000E+03 -3.35000E+03  1.65239E-02
  1.15000E+03 -3.35000E+03  1.54757E-02
  1.25000E+03 -3.35000E+03  2.03001E-02
  1.35000E+03 -3.35000E+03  1.96747E-02
  1.45000E+03 -3.35000E+03  1.81205E-02
  1.55000E+03 -3.35000E+03  2.19287E-02
  1.65000E+03 -3.35000E+03  2.47681E-02
  1.75000E+03 -3.35000E+03  1.51746E-02
  1.85000E+03 -3.35000E+03  1.07581E-02
  1.95000E+03 -3.35000E+03  2.55229E-02
  2.05000E+03 -3.35000E+03  4.76589E-02
  2.15000E+03 -3.35000E+03  6.89468E-02
  2.25000E+03 -3.35000E+03  9.07492E-02
  2.35000E+03 -3.35000E+03  6.96084E-02
  2.45000E+03 -3.35000E+03  3.83780E-02
  2.55000E+03 -3.35000E+03  2.16854E-02
  2.65000E+03 -3.35000E+03  1.46925E-02
  2.75000E+03 -3.35000E+03  1.70479E-02
  2.85000E+03 -3.35000E+03  1.88507E-02
  2.95000E+03 -3.35000E+03  1.91743E-02
  3.05000E+03 -3.35000E+03  2.12226E-02
  3.15000E+03 -3.35000E+03  1.94537E-02
  3.25000E+03 -3.35000E+03  1.09955E-02
  3.35000E+03 -3.35000E+03  7.49209E-03
  3.45000E+03 -3.35000E+03  1.95870E-02
  3.55000E+03 -3.35000E+03  1.99497E-02
  3.65000E+03 -3.35000E+03  1.56924E-02
  3.75000E+03 -3.35000E+03  1.12411E-02
  3.85000E+03 -3.35000E+03  1.05440E-02
  3.95000E+03 -3.35000E+03  1.42636E-02
  5.00000E+01 -3.45000E+03  6.46487E-03
  1.50000E+02 -3.45000E+03  8.45598E-03
  2.50000E+02 -3.45000E+03  1.77513E-02
  3.50000E+02 -3.45000E+03  1.22440E-02
  4.50000E+02 -3.45000E+03  1.00424E-02
  5.50000E+02 -3.45000E+03  9.13435E-03
  6.50000E+02 -3.45000E+03  1.07481E-02
  7.50000E+02 -3.45000E+03  1.25571E-02
  8.50000E+02 -3.45000E+03  1.37569E-02
  9.50000E+02 -3.45000E+03  1.34102E-02
  1.05000E+03 -3.45000E+03  1.39607E-02
  1.15000E+03 -3.45000E+03  1.66061E-02
  1.25000E+03 -3.45000E+03  1.98012E-02
  1.35000E+03 -3.45000E+03  1.60224E-02
  1.45000E+03 -3.45000E+03  1.39029E-02
  1.55000E+03 -3.45000E+03  1.81172E-02
  1.65000E+03 -3.45000E+03  1.96157E-02
  1.75000E+03 -3.45000E+03  1.16052E-02
  1.85000E+03 -3.45000E+03  8.94009E-03
  1.95000E+03 -3.45000E+03  2.16142E-02
  2.05000E+03 -3.45000E+03  4.15675E-02
  2.15000E+03 -3.45000E+03  6.38691E-02
  2.25000E+03 -3.45000E+03  8.34603E-02
  2.35000E+03 -3.45000E+03  6.48190E-02
  2.45000E+03 -3.45000E+03  3.57841E-02
  2.55000E+03 -3.45000E+03  2.09521E-02
  2.65000E+03 -3.45000E+03  1.29847E-02
  2.75000E+03 -3.45000E+03  1.34300E-02
  2.85000E+03 -3.45000E+03  1.77131E-02
  2.95000E+03 -3.45000E+03  1.72197E-02
  3.05000E+03 -3.45000E+03  2.07255E-02
  3.15000E+03 -3.45000E+03  1.43166E-02
  3.25000E+03 -3.45000E+03  1.11088E-02
  3.35000E+03 -3.45000E+03  9.58156E-03
  3.45000E+03 -3.45000E+03  1.28139E-02
  3.55000E+03 -3.45000E+03  2.42417E-02
  3.65000E+03 -3.45000E+03  1.84040E-02
  3.75000E+03 -3.45000E+03  1.36735E-02
  3.85000E+03 -3.45000E+03  9.12900E-03
  3.95000E+03 -3.45000E+03  1.33720E-02
  5.00000E+01 -3.55000E+03  7.89053E-03
  1.50000E+02 -3.55000E+03  1.14441E-02
  2.50000E+02 -3.55000E+03  1.43312E-02
  3.50000E+02 -3.55000E+03  1.12317E-02
  4.50000E+02 -3.55000E+03  8.08023E-03
  5.50000E+02 -3.55000E+03  8.55929E-03
  6.50000E+02 -3.55000E+03  1.18349E-02
  7.50000E+02 -3.55000E+03  1.17029E-02
  8.50000E+02 -3.55000E+03  1.16342E-02
  9.50000E+02 -3.55000E+03  1.22393E-02
  1.05000E+03 -3.55000E+03  1.63827E-02
  1.15000E+03 -3.55000E+03  1.78199E-02
  1.25000E+03 -3.55000E+03  1.93974E-02
  1.35000E+03 -3.55000E+03  1.40624E-02
  1.45000E+03 -3.55000E+03  1.25185E-02
  1.55000E+03 -3.55000E+03  1.77761E-02
  1.65000E+03 -3.55000E+03  1.79037E-02
  1.75000E+03 -3.55000E+03  1.04175E-02
  1.85000E+03 -3.55000E+03  7.80148E-03
  1.95000E+03 -3.55000E+03  1.96949E-02
  2.05000E+03 -3.55000E+03  3.87405E-02
  2.15000E+03 -3.55000E+03  5.98443E-02
  2.25000E+03 -3.55000E+03  8.25947E-02
  2.35000E+03 -3.55000E+03  6.47860E-02
  2.45000E+03 -3.55000E+03  3.43050E-02
  2.55000E+03 -3.55000E+03  1.91950E-02
  2.65000E+03 -3.55000E+03  1.27118E-02
  2.75000E+03 -3.55000E+03  1.09426E-02
  2.85000E+03 -3.55000E+03  1.46675E-02
  2.95000E+03 -3.55000E+03  1.62042E-02
  3.05000E+03 -3.55000E+03  1.98033E-02
  3.15000E+03 -3.55000E+03  1.33809E-02
  3.25000E+03 -3.55000E+03  1.15733E-02
  3.35000E+03 -3.55000E+03  9.25462E-03
  3.45000E+03 -3.55000E+03  1.15888E-02
  3.55000E+03 -3.55000E+03  2.09879E-02
  3.65000E+03 -3.55000E+03  2.18852E-02
  3.75000E+03 -3.55000E+03  1.51425E-02
  3.85000E+03 -3.55000E+03  8.89386E-03
  3.95000E+03 -3.55000E+03  8.60557E-03
  5.00000E+01 -3.65000E+03  6.86837E-03
  1.50000E+02 -3.65000E+03  1.04411E-02
  2.50000E+02 -3.65000E+03  9.60314E-03
  3.50000E+02 -3.65000E+03  7.80244E-03
  4.50000E+02 -3.65000E+03  6.97706E-03
  5.50000E+02 -3.65000E+03  8.38577E-03
  6.50000E+02 -3.65000E+03  1.09535E-02
  7.50000E+02 -3.65000E+03  9.51394E-03
  8.50000E+02 -3.65000E+03  1.23568E-02
  9.50000E+02 -3.65000E+03  1.34517E-02
  1.05000E+03 -3.65000E+03  1.67398E-02
  1.15000E+03 -3.65000E+03  1.92537E-02
  1.25000E+03 -3.65000E+03  1.78408E-02
  1.35000E+03 -3.65000E+03  1.33202E-02
  1.45000E+03 -3.65000E+03  1.21062E-02
  1.55000E+03 -3.65000E+03  1.58233E-02
  1.65000E+03 -3.65000E+03  1.76435E-02
  1.75000E+03 -3.65000E+03  1.11026E-02
  1.85000E+03 -3.65000E+03  9.17374E-03
  1.95000E+03 -3.65000E+03  1.65351E-02
  2.05000E+03 -3.65000E+03  3.36754E-02
  2.15000E+03 -3.65000E+03  5.77015E-02
  2.25000E+03 -3.65000E+03  8.06301E-02
  2.35000E+03 -3.65000E+03  6.32732E-02
  2.45000E+03 -3.65000E+03  3.29643E-02
  2.55000E+03 -3.65000E+03  1.95799E-02
  2.65000E+03 -3.65000E+03  1.37574E-02
  2.75000E+03 -3.65000E+03  1.05549E-02
  2.85000E+03 -3.65000E+03  1.14478E-02
  2.95000E+03 -3.65000E+03  1.39052E-02
  3.05000E+03 -3.65000E+03  1.77978E-02
  3.15000E+03 -3.65000E+03  1.75605E-02
  3.25000E+03 -3.65000E+03  9.30245E-03
  3.35000E+03 -3.65000E+03  7.76575E-03
  3.45000E+03 -3.65000E+03  1.05551E-02
  3.55000E+03 -3.65000E+03  1.51221E-02
  3.65000E+03 -3.65000E+03  2.28092E-02
  3.75000E+03 -3.65000E+03  1.55230E-02
  3.85000E+03 -3.65000E+03  8.76481E-03
  3.95000E+03 -3.65000E+03  6.63914E-03
  5.00000E+01 -3.75000E+03  6.56429E-03
  1.50000E+02 -3.75000E+03  9.47584E-03
  2.50000E+02 -3.75000E+03  6.70225E-03
  3.50000E+02 -3.75000E+03  6.49847E-03
  4.50000E+02 -3.75000E+03  7.40759E-03
  5.50000E+02 -3.75000E+03  8.81396E-03
  6.50000E+02 -3.75000E+03  9.19794E-03
  7.50000E+02 -3.75000E+03  8.93395E-03
  8.50000E+02 -3.75000E+03  1.04636E-02
  9.50000E+02 -3.75000E+03  1.46014E-02
  1.05000E+03 -3.75000E+03  1.65044E-02
  1.15000E+03 -3.75000E+03  1.83085E-02
  1.25000E+03 -3.75000E+03  1.49550E-02
  1.35000E+03 -3.75000E+03  1.18436E-02
  1.45000E+03 -3.75000E+03  1.33980E-02
  1.55000E+03 -3.75000E+03  1.38279E-02
  1.65000E+03 -3.75000E+03  1.13607E-02
  1.75000E+03 -3.75000E+03  1.02573E-02
  1.85000E+03 -3.75000E+03  8.87373E-03
  1.95000E+03 -3.75000E+03  1.58865E-02
  2.05000E+03 -3.75000E+03  2.90696E-02
  2.15000E+03 -3.75000E+03  5.44661E-02
  2.25000E+03 -3.75000E+03  7.53713E-02
  2.35000E+03 -3.75000E+03  6.03859E-02
  2.45000E+03 -3.75000E+03  3.29548E-02
  2.55000E+03 -3.75000E+03  1.79095E-02
  2.65000E+03 -3.75000E+03  1.35064E-02
  2.75000E+03 -3.75000E+03  1.14669E-02
  2.85000E+03 -3.75000E+03  1.00679E-02
  2.95000E+03 -3.75000E+03  1.25178E-02
  3.05000E+03 -3.75000E+03  1.68274E-02
  3.15000E+03 -3.75000E+03  1.78182E-02
  3.25000E+03 -3.75000E+03  7.34119E-03
  3.35000E+03 -3.75000E+03  8.01168E-03
  3.45000E+03 -3.75000E+03  8.79473E-03
  3.55000E+03 -3.75000E+03  1.13431E-02
  3.65000E+03 -3.75000E+03  1.90635E-02
  3.75000E+03 -3.75000E+03  1.79078E-02
  3.85000E+03 -3.75000E+03  1.11824E-02
  3.95000E+03 -3.75000E+03  5.88710E-03
  5.00000E+01 -3.85000E+03  5.80484E-03
  1.50000E+02 -3.85000E+03  5.97968E-03
  2.50000E+02 -3.85000E+03  4.99407E-03
  3.50000E+02 -3.85000E+03  5.33946E-03
  4.50000E+02 -3.85000E+03  5.81738E-03
  5.50000E+02 -3.85000E+03  7.74508E-03
  6.50000E+02 -3.85000E+03  7.89172E-03
  7.50000E+02 -3.85000E+03  9.70871E-03
  8.50000E+02 -3.85000E+03  1.03936E-02
  9.50000E+02 -3.85000E+03  1.45697E-02
  1.05000E+03 -3.85000E+03  1.55155E-02
  1.15000E+03 -3.85000E+03  1.58551E-02
  1.25000E+03 -3.85000E+03  1.18352E-02
  1.35000E+03 -3.85000E+03  1.22725E-02
  1.45000E+03 -3.85000E+03  1.20055E-02
  1.55000E+03 -3.85000E+03  1.21192E-02
  1.65000E+03 -3.85000E+03  1.01091E-02
  1.75000E+03 -3.85000E+03  9.32397E-03
  1.85000E+03 -3.85000E+03  8.50578E-03
  1.95000E+03 -3.85000E+03  1.42753E-02
  2.05000E+03 -3.85000E+03  2.60425E-02
  2.15000E+03 -3.85000E+03  4.74476E-02
  2.25000E+03 -3.85000E+03  7.18479E-02
  2.35000E+03 -3.85000E+03  6.44150E-02
  2.45000E+03 -3.85000E+03  3.18422E-02
  2.55000E+03 -3.85000E+03  1.83506E-02
  2.65000E+03 -3.85000E+03  1.28710E-02
  2.75000E+03 -3.85000E+03  1.26362E-02
  2.85000E+03 -3.85000E+03  9.57431E-03
  2.95000E+03 -3.85000E+03  9.08170E-03
  3.05000E+03 -3.85000E+03  1.23126E-02
  3.15000E+03 -3.85000E+03  1.55233E-02
  3.25000E+03 -3.85000E+03  8.03637E-03
  3.35000E+03 -3.85000E+03  7.61912E-03
  3.45000E+03 -3.85000E+03  7.43114E-03
  3.55000E+03 -3.85000E+03  8.91867E-03
  3.65000E+03 -3.85000E+03  1.41707E-02
  3.75000E+03 -3.85000E+03  1.62967E-02
  3.85000E+03 -3.85000E+03  1.19019E-02
  3.95000E+03 -3.85000E+03  5.59113E-03
  5.00000E+01 -3.95000E+03  4.22869E-03
  1.50000E+02 -3.95000E+03  3.94117E-03
  2.50000E+02 -3.95000E+03  5.91493E-03
  3.50000E+02 -3.95000E+03  5.66286E-03
  4.50000E+02 -3.95000E+03  5.57694E-03
  5.50000E+02 -3.95000E+03  6.70128E-03
  6.50000E+02 -3.95000E+03  5.61486E-03
  7.50000E+02 -3.95000E+03  6.80218E-03
  8.50000E+02 -3.95000E+03  1.03947E-02
  9.50000E+02 -3.95000E+03  1.43386E-02
  1.05000E+03 -3.95000E+03  1.35471E-02
  1.15000E+03 -3.95000E+03  1.33863E-02
  1.25000E+03 -3.95000E+03  9.47401E-03
  1.35000E+03 -3.95000E+03  1.12573E-02
  1.45000E+03 -3.95000E+03  1.14119E-02
  1.55000E+03 -3.95000E+03  1.14980E-02
  1.65000E+03 -3.95000E+03  7.68116E-03
  1.75000E+03 -3.95000E+03  7.95326E-03
  1.85000E+03 -3.95000E+03  9.32035E-03
  1.95000E+03 -3.95000E+03  1.17270E-02
  2.05000E+03 -3.95000E+03  2.03456E-02
  2.15000E+03 -3.95000E+03  4.23029E-02
  2.25000E+03 -3.95000E+03  6.57156E-02
  2.35000E+03 -3.95000E+03  6.02274E-02
  2.45000E+03 -3.95000E+03  3.01480E-02
  2.55000E+03 -3.95000E+03  1.71318E-02
  2.65000E+03 -3.95000E+03  1.24836E-02
  2.75000E+03 -3.95000E+03  1.29972E-02
  2.85000E+03 -3.95000E+03  8.80099E-03
  2.95000E+03 -3.95000E+03  7.32105E-03
  3.05000E+03 -3.95000E+03  8.45564E-03
  3.15000E+03 -3.95000E+03  1.31965E-02
  3.25000E+03 -3.95000E+03  7.80943E-03
  3.35000E+03 -3.95000E+03  5.47902E-03
  3.45000E+03 -3.95000E+03  8.02131E-03
  3.55000E+03 -3.95000E+03  7.38361E-03
  3.65000E+03 -3.95000E+03  9.67076E-03
  3.75000E+03 -3.95000E+03  1.43386E-02
  3.85000E+03 -3.95000E+03  1.37133E-02
  3.95000E+03 -3.95000E+03  5.42285E-03
