
  5.00000E+01 -5.00000E+01  1.05088E-02
  1.50000E+02 -5.00000E+01  1.09134E-02
  2.50000E+02 -5.00000E+01  9.56821E-03
  3.50000E+02 -5.00000E+01  9.10865E-03
  4.50000E+02 -5.00000E+01  8.09712E-03
  5.50000E+02 -5.00000E+01  8.27965E-03
  6.50000E+02 -5.00000E+01  1.03996E-02
  7.50000E+02 -5.00000E+01  1.04179E-02
  8.50000E+02 -5.00000E+01  5.34924E-03
  9.50000E+02 -5.00000E+01  2.21711E-03
  1.05000E+03 -5.00000E+01  2.30299E-03
  1.15000E+03 -5.00000E+01  5.54798E-03
  1.25000E+03 -5.00000E+01  6.99025E-03
  1.35000E+03 -5.00000E+01  1.43561E-02
  1.45000E+03 -5.00000E+01  1.06632E-02
  1.55000E+03 -5.00000E+01  8.16087E-03
  1.65000E+03 -5.00000E+01  1.50568E-02
  1.75000E+03 -5.00000E+01  7.39676E-03
  1.85000E+03 -5.00000E+01  7.02583E-03
  1.95000E+03 -5.00000E+01  1.19331E-02
  2.05000E+03 -5.00000E+01  1.24488E-02
  2.15000E+03 -5.00000E+01  1.34030E-02
  2.25000E+03 -5.00000E+01  4.95287E-03
  2.35000E+03 -5.00000E+01  9.51843E-03
  2.45000E+03 -5.00000E+01  6.54091E-03
  2.55000E+03 -5.00000E+01  8.39449E-03
  2.65000E+03 -5.00000E+01  4.73823E-03
  2.75000E+03 -5.00000E+01  8.96536E-03
  2.85000E+03 -5.00000E+01  6.77331E-03
  2.95000E+03 -5.00000E+01  8.29422E-03
  3.05000E+03 -5.00000E+01  1.04329E-02
  3.15000E+03 -5.00000E+01  1.15323E-02
  3.25000E+03 -5.00000E+01  1.33737E-02
  3.35000E+03 -5.00000E+01  1.19779E-02
  3.45000E+03 -5.00000E+01  1.00909E-02
  3.55000E+03 -5.00000E+01  8.21858E-03
  3.65000E+03 -5.00000E+01  9.84940E-03
  3.75000E+03 -5.00000E+01  9.21682E-03
  3.85000E+03 -5.00000E+01  1.02133E-02
  3.95000E+03 -5.00000E+01  7.74530E-03
  5.00000E+01 -1.50000E+02  1.07983E-02
  1.50000E+02 -1.50000E+02  1.03866E-02
  2.50000E+02 -1.50000E+02  1.08109E-02
  3.50000E+02 -1.50000E+02  1.02296E-02
  4.50000E+02 -1.50000E+02  7.81713E-03
  5.50000E+02 -1.50000E+02  8.98985E-03
  6.50000E+02 -1.50000E+02  1.06866E-02
  7.50000E+02 -1.50000E+02  1.09207E-02
  8.50000E+02 -1.50000E+02  5.55256E-03
  9.50000E+02 -1.50000E+02  3.47524E-03
  1.05000E+03 -1.50000E+02  2.02405E-03
  1.15000E+03 -1.50000E+02  4.32429E-03
  1.25000E+03 -1.50000E+02  8.19562E-03
  1.35000E+03 -1.50000E+02  1.71770E-02
  1.45000E+03 -1.50000E+02  1.17536E-02
  1.55000E+03 -1.50000E+02  1.25389E-02
  1.65000E+03 -1.50000E+02  1.45349E-02
  1.75000E+03 -1.50000E+02  6.64318E-03
  1.85000E+03 -1.50000E+02  6.21905E-03
  1.95000E+03 -1.50000E+02  8.83558E-03
  2.05000E+03 -1.50000E+02  1.21927E-02
  2.15000E+03 -1.50000E+02  1.30194E-02
  2.25000E+03 -1.50000E+02  2.65340E-03
  2.35000E+03 -1.50000E+02  8.86904E-03
  2.45000E+03 -1.50000E+02  9.33514E-03
  2.55000E+03 -1.50000E+02  6.88828E-03
  2.65000E+03 -1.50000E+02  4.49522E-03
  2.75000E+03 -1.50000E+02  9.38558E-03
  2.85000E+03 -1.50000E+02  6.45784E-03
  2.95000E+03 -1.50000E+02  8.26699E-03
  3.05000E+03 -1.50000E+02  1.05916E-02
  3.15000E+03 -1.50000E+02  1.25089E-02
  3.25000E+03 -1.50000E+02  1.28259E-02
  3.35000E+03 -1.50000E+02  1.24266E-02
  3.45000E+03 -1.50000E+02  9.39835E-03
  3.55000E+03 -1.50000E+02  8.14008E-03
  3.65000E+03 -1.50000E+02  9.89377E-03
  3.75000E+03 -1.50000E+02  9.77104E-03
  3.85000E+03 -1.50000E+02  9.65772E-03
  3.95000E+03 -1.50000E+02  7.92585E-03
  5.00000E+01 -2.50000E+02  1.11723E-02
  1.50000E+02 -2.50000E+02  1.08076E-02
  2.50000E+02 -2.50000E+02  1.09467E-02
  3.50000E+02 -2.50000E+02  1.03119E-02
  4.50000E+02 -2.50000E+02  8.52315E-03
  5.50000E+02 -2.50000E+02  9.53740E-03
  6.50000E+02 -2.50000E+02  1.07586E-02
  7.50000E+02 -2.50000E+02  1.24464E-02
  8.50000E+02 -2.50000E+02  5.69358E-03
  9.50000E+02 -2.50000E+02  3.48124E-03
  1.05000E+03 -2.50000E+02  2.02728E-03
  1.15000E+03 -2.50000E+02  4.40468E-03
  1.25000E+03 -2.50000E+02  1.02478E-02
  1.35000E+03 -2.50000E+02  2.05135E-02
  1.45000E+03 -2.50000E+02  1.29836E-02
  1.55000E+03 -2.50000E+02  2.10698E-02
  1.65000E+03 -2.50000E+02  1.28925E-02
  1.75000E+03 -2.50000E+02  9.67677E-03
  1.85000E+03 -2.50000E+02  7.32636E-03
  1.95000E+03 -2.50000E+02  7.16378E-03
  2.05000E+03 -2.50000E+02  1.25178E-02
  2.15000E+03 -2.50000E+02  7.86301E-03
  2.25000E+03 -2.50000E+02  3.92749E-03
  2.35000E+03 -2.50000E+02  9.50628E-03
  2.45000E+03 -2.50000E+02  1.30338E-02
  2.55000E+03 -2.50000E+02  6.76058E-03
  2.65000E+03 -2.50000E+02  5.88082E-03
  2.75000E+03 -2.50000E+02  9.72914E-03
  2.85000E+03 -2.50000E+02  6.24027E-03
  2.95000E+03 -2.50000E+02  7.69946E-03
  3.05000E+03 -2.50000E+02  1.09037E-02
  3.15000E+03 -2.50000E+02  1.45914E-02
  3.25000E+03 -2.50000E+02  1.29067E-02
  3.35000E+03 -2.50000E+02  1.18750E-02
  3.45000E+03 -2.50000E+02  9.67307E-03
  3.55000E+03 -2.50000E+02  9.00598E-03
  3.65000E+03 -2.50000E+02  9.01333E-03
  3.75000E+03 -2.50000E+02  9.01998E-03
  3.85000E+03 -2.50000E+02  9.47773E-03
  3.95000E+03 -2.50000E+02  7.98890E-03
  5.00000E+01 -3.50000E+02  1.18441E-02
  1.50000E+02 -3.50000E+02  1.11630E-02
  2.50000E+02 -3.50000E+02  1.12884E-02
  3.50000E+02 -3.50000E+02  9.54182E-03
  4.50000E+02 -3.50000E+02  8.50831E-03
  5.50000E+02 -3.50000E+02  9.53003E-03
  6.50000E+02 -3.50000E+02  9.04119E-03
  7.50000E+02 -3.50000E+02  1.00564E-02
  8.50000E+02 -3.50000E+02  6.03243E-03
  9.50000E+02 -3.50000E+02  4.42334E-03
  1.05000E+03 -3.50000E+02  2.50380E-03
  1.15000E+03 -3.50000E+02  5.31995E-03
  1.25000E+03 -3.50000E+02  1.10430E-02
  1.35000E+03 -3.50000E+02  1.65517E-02
  1.45000E+03 -3.50000E+02  1.31329E-02
  1.55000E+03 -3.50000E+02  2.30245E-02
  1.65000E+03 -3.50000E+02  1.45390E-02
  1.75000E+03 -3.50000E+02  8.28640E-03
  1.85000E+03 -3.50000E+02  9.43319E-03
  1.95000E+03 -3.50000E+02  1.12165E-02
  2.05000E+03 -3.50000E+02  8.04083E-03
  2.15000E+03 -3.50000E+02  7.78503E-03
  2.25000E+03 -3.50000E+02  6.35027E-03
  2.35000E+03 -3.50000E+02  1.42663E-02
  2.45000E+03 -3.50000E+02  1.45960E-02
  2.55000E+03 -3.50000E+02  5.70742E-03
  2.65000E+03 -3.50000E+02  9.46804E-03
  2.75000E+03 -3.50000E+02  1.02578E-02
  2.85000E+03 -3.50000E+02  6.87981E-03
  2.95000E+03 -3.50000E+02  8.75891E-03
  3.05000E+03 -3.50000E+02  1.31769E-02
  3.15000E+03 -3.50000E+02  1.38301E-02
  3.25000E+03 -3.50000E+02  1.36847E-02
  3.35000E+03 -3.50000E+02  1.02248E-02
  3.45000E+03 -3.50000E+02  9.15461E-03
  3.55000E+03 -3.50000E+02  8.57864E-03
  3.65000E+03 -3.50000E+02  8.63956E-03
  3.75000E+03 -3.50000E+02  8.96368E-03
  3.85000E+03 -3.50000E+02  8.46712E-03
  3.95000E+03 -3.50000E+02  7.58114E-03
  5.00000E+01 -4.50000E+02  1.20417E-02
  1.50000E+02 -4.50000E+02  1.08248E-02
  2.50000E+02 -4.50000E+02  1.09892E-02
  3.50000E+02 -4.50000E+02  1.10901E-02
  4.50000E+02 -4.50000E+02  9.35860E-03
  5.50000E+02 -4.50000E+02  8.48351E-03
  6.50000E+02 -4.50000E+02  7.82161E-03
  7.50000E+02 -4.50000E+02  6.13709E-03
  8.50000E+02 -4.50000E+02  9.85793E-03
  9.50000E+02 -4.50000E+02  6.65251E-03
  1.05000E+03 -4.50000E+02  2.83340E-03
  1.15000E+03 -4.50000E+02  4.57084E-03
  1.25000E+03 -4.50000E+02  1.06985E-02
  1.35000E+03 -4.50000E+02  1.46189E-02
  1.45000E+03 -4.50000E+02  1.17453E-02
  1.55000E+03 -4.50000E+02  2.03890E-02
  1.65000E+03 -4.50000E+02  6.26350E-03
  1.75000E+03 -4.50000E+02  1.39393E-02
  1.85000E+03 -4.50000E+02  9.55537E-03
  1.95000E+03 -4.50000E+02  1.22948E-02
  2.05000E+03 -4.50000E+02  1.02696E-02
  2.15000E+03 -4.50000E+02  6.73712E-03
  2.25000E+03 -4.50000E+02  1.74796E-02
  2.35000E+03 -4.50000E+02  1.39265E-02
  2.45000E+03 -4.50000E+02  1.12176E-02
  2.55000E+03 -4.50000E+02  5.67764E-03
  2.65000E+03 -4.50000E+02  1.22605E-02
  2.75000E+03 -4.50000E+02  5.66323E-03
  2.85000E+03 -4.50000E+02  8.51891E-03
  2.95000E+03 -4.50000E+02  8.15159E-03
  3.05000E+03 -4.50000E+02  1.49414E-02
  3.15000E+03 -4.50000E+02  1.79047E-02
  3.25000E+03 -4.50000E+02  1.27860E-02
  3.35000E+03 -4.50000E+02  8.78015E-03
  3.45000E+03 -4.50000E+02  8.28330E-03
  3.55000E+03 -4.50000E+02  8.78244E-03
  3.65000E+03 -4.50000E+02  8.30766E-03
  3.75000E+03 -4.50000E+02  8.33334E-03
  3.85000E+03 -4.50000E+02  8.38016E-03
  3.95000E+03 -4.50000E+02  7.31237E-03
  5.00000E+01 -5.50000E+02  1.08518E-02
  1.50000E+02 -5.50000E+02  1.10897E-02
  2.50000E+02 -5.50000E+02  1.21728E-02
  3.50000E+02 -5.50000E+02  1.24435E-02
  4.50000E+02 -5.50000E+02  8.81780E-03
  5.50000E+02 -5.50000E+02  7.34631E-03
  6.50000E+02 -5.50000E+02  4.28982E-03
  7.50000E+02 -5.50000E+02  7.51489E-03
  8.50000E+02 -5.50000E+02  8.84019E-03
  9.50000E+02 -5.50000E+02  4.98821E-03
  1.05000E+03 -5.50000E+02  3.99502E-03
  1.15000E+03 -5.50000E+02  8.47712E-03
  1.25000E+03 -5.50000E+02  4.12658E-03
  1.35000E+03 -5.50000E+02  9.47969E-03
  1.45000E+03 -5.50000E+02  1.52960E-02
  1.55000E+03 -5.50000E+02  1.56705E-02
  1.65000E+03 -5.50000E+02  5.96768E-03
  1.75000E+03 -5.50000E+02  1.13524E-02
  1.85000E+03 -5.50000E+02  1.11512E-02
  1.95000E+03 -5.50000E+02  1.94766E-02
  2.05000E+03 -5.50000E+02  1.55479E-02
  2.15000E+03 -5.50000E+02  9.25775E-03
  2.25000E+03 -5.50000E+02  1.39222E-02
  2.35000E+03 -5.50000E+02  1.03249E-02
  2.45000E+03 -5.50000E+02  1.03642E-02
  2.55000E+03 -5.50000E+02  7.23088E-03
  2.65000E+03 -5.50000E+02  1.20796E-02
  2.75000E+03 -5.50000E+02  5.24332E-03
  2.85000E+03 -5.50000E+02  1.25226E-02
  2.95000E+03 -5.50000E+02  1.21384E-02
  3.05000E+03 -5.50000E+02  1.72932E-02
  3.15000E+03 -5.50000E+02  2.07849E-02
  3.25000E+03 -5.50000E+02  1.36871E-02
  3.35000E+03 -5.50000E+02  1.04636E-02
  3.45000E+03 -5.50000E+02  8.30051E-03
  3.55000E+03 -5.50000E+02  7.51576E-03
  3.65000E+03 -5.50000E+02  8.78769E-03
  3.75000E+03 -5.50000E+02  9.17858E-03
  3.85000E+03 -5.50000E+02  7.31922E-03
  3.95000E+03 -5.50000E+02  7.17581E-03
  5.00000E+01 -6.50000E+02  1.15099E-02
  1.50000E+02 -6.50000E+02  1.39696E-02
  2.50000E+02 -6.50000E+02  1.29128E-02
  3.50000E+02 -6.50000E+02  1.14725E-02
  4.50000E+02 -6.50000E+02  6.86132E-03
  5.50000E+02 -6.50000E+02  4.16206E-03
  6.50000E+02 -6.50000E+02  3.65602E-03
  7.50000E+02 -6.50000E+02  6.27176E-03
  8.50000E+02 -6.50000E+02  6.68712E-03
  9.50000E+02 -6.50000E+02  3.74672E-03
  1.05000E+03 -6.50000E+02  5.82441E-03
  1.15000E+03 -6.50000E+02  1.23258E-02
  1.25000E+03 -6.50000E+02  3.50863E-03
  1.35000E+03 -6.50000E+02  7.30281E-03
  1.45000E+03 -6.50000E+02  1.23737E-02
  1.55000E+03 -6.50000E+02  1.19870E-02
  1.65000E+03 -6.50000E+02  1.15781E-02
  1.75000E+03 -6.50000E+02  5.95655E-03
  1.85000E+03 -6.50000E+02  1.68598E-02
  1.95000E+03 -6.50000E+02  1.80340E-02
  2.05000E+03 -6.50000E+02  1.45902E-02
  2.15000E+03 -6.50000E+02  8.17913E-03
  2.25000E+03 -6.50000E+02  1.38380E-02
  2.35000E+03 -6.50000E+02  1.03527E-02
  2.45000E+03 -6.50000E+02  1.21746E-02
  2.55000E+03 -6.50000E+02  5.92803E-03
  2.65000E+03 -6.50000E+02  7.01505E-03
  2.75000E+03 -6.50000E+02  8.49876E-03
  2.85000E+03 -6.50000E+02  1.41310E-02
  2.95000E+03 -6.50000E+02  1.48967E-02
  3.05000E+03 -6.50000E+02  1.57308E-02
  3.15000E+03 -6.50000E+02  1.83888E-02
  3.25000E+03 -6.50000E+02  1.55123E-02
  3.35000E+03 -6.50000E+02  1.06361E-02
  3.45000E+03 -6.50000E+02  7.98901E-03
  3.55000E+03 -6.50000E+02  8.33123E-03
  3.65000E+03 -6.50000E+02  8.91946E-03
  3.75000E+03 -6.50000E+02  8.85824E-03
  3.85000E+03 -6.50000E+02  9.34088E-03
  3.95000E+03 -6.50000E+02  7.79272E-03
  5.00000E+01 -7.50000E+02  1.17232E-02
  1.50000E+02 -7.50000E+02  1.33864E-02
  2.50000E+02 -7.50000E+02  1.31134E-02
  3.50000E+02 -7.50000E+02  8.98855E-03
  4.50000E+02 -7.50000E+02  6.68416E-03
  5.50000E+02 -7.50000E+02  3.82809E-03
  6.50000E+02 -7.50000E+02  3.85906E-03
  7.50000E+02 -7.50000E+02  5.01022E-03
  8.50000E+02 -7.50000E+02  4.14147E-03
  9.50000E+02 -7.50000E+02  3.12289E-03
  1.05000E+03 -7.50000E+02  7.65429E-03
  1.15000E+03 -7.50000E+02  1.25375E-02
  1.25000E+03 -7.50000E+02  3.88413E-03
  1.35000E+03 -7.50000E+02  5.15425E-03
  1.45000E+03 -7.50000E+02  7.61704E-03
  1.55000E+03 -7.50000E+02  7.50117E-03
  1.65000E+03 -7.50000E+02  9.78660E-03
  1.75000E+03 -7.50000E+02  1.07197E-02
  1.85000E+03 -7.50000E+02  2.04488E-02
  1.95000E+03 -7.50000E+02  2.58790E-02
  2.05000E+03 -7.50000E+02  1.01199E-02
  2.15000E+03 -7.50000E+02  6.10225E-03
  2.25000E+03 -7.50000E+02  1.46433E-02
  2.35000E+03 -7.50000E+02  9.71880E-03
  2.45000E+03 -7.50000E+02  1.15892E-02
  2.55000E+03 -7.50000E+02  4.45908E-03
  2.65000E+03 -7.50000E+02  4.50071E-03
  2.75000E+03 -7.50000E+02  9.36364E-03
  2.85000E+03 -7.50000E+02  1.19521E-02
  2.95000E+03 -7.50000E+02  1.44288E-02
  3.05000E+03 -7.50000E+02  1.42206E-02
  3.15000E+03 -7.50000E+02  1.62794E-02
  3.25000E+03 -7.50000E+02  1.36554E-02
  3.35000E+03 -7.50000E+02  1.11038E-02
  3.45000E+03 -7.50000E+02  1.11640E-02
  3.55000E+03 -7.50000E+02  1.03844E-02
  3.65000E+03 -7.50000E+02  1.03137E-02
  3.75000E+03 -7.50000E+02  1.04180E-02
  3.85000E+03 -7.50000E+02  9.25731E-03
  3.95000E+03 -7.50000E+02  8.66651E-03
  5.00000E+01 -8.50000E+02  1.11564E-02
  1.50000E+02 -8.50000E+02  1.17814E-02
  2.50000E+02 -8.50000E+02  8.59566E-03
  3.50000E+02 -8.50000E+02  9.40520E-03
  4.50000E+02 -8.50000E+02  5.12263E-03
  5.50000E+02 -8.50000E+02  4.19935E-03
  6.50000E+02 -8.50000E+02  4.14223E-03
  7.50000E+02 -8.50000E+02  3.75798E-03
  8.50000E+02 -8.50000E+02  2.83749E-03
  9.50000E+02 -8.50000E+02  4.29479E-03
  1.05000E+03 -8.50000E+02  1.99101E-02
  1.15000E+03 -8.50000E+02  1.02529E-02
  1.25000E+03 -8.50000E+02  3.77536E-03
  1.35000E+03 -8.50000E+02  5.04772E-03
  1.45000E+03 -8.50000E+02  8.61914E-03
  1.55000E+03 -8.50000E+02  8.69200E-03
  1.65000E+03 -8.50000E+02  7.55888E-03
  1.75000E+03 -8.50000E+02  5.44280E-03
  1.85000E+03 -8.50000E+02  1.48681E-02
  1.95000E+03 -8.50000E+02  2.86889E-02
  2.05000E+03 -8.50000E+02  9.02645E-03
  2.15000E+03 -8.50000E+02  4.58591E-03
  2.25000E+03 -8.50000E+02  5.97884E-03
  2.35000E+03 -8.50000E+02  5.56361E-03
  2.45000E+03 -8.50000E+02  7.52900E-03
  2.55000E+03 -8.50000E+02  6.13887E-03
  2.65000E+03 -8.50000E+02  1.00244E-02
  2.75000E+03 -8.50000E+02  7.51952E-03
  2.85000E+03 -8.50000E+02  1.55986E-02
  2.95000E+03 -8.50000E+02  1.49433E-02
  3.05000E+03 -8.50000E+02  9.73733E-03
  3.15000E+03 -8.50000E+02  1.01814E-02
  3.25000E+03 -8.50000E+02  1.07618E-02
  3.35000E+03 -8.50000E+02  1.20049E-02
  3.45000E+03 -8.50000E+02  1.30610E-02
  3.55000E+03 -8.50000E+02  1.30667E-02
  3.65000E+03 -8.50000E+02  1.12132E-02
  3.75000E+03 -8.50000E+02  9.46585E-03
  3.85000E+03 -8.50000E+02  8.46058E-03
  3.95000E+03 -8.50000E+02  7.26428E-03
  5.00000E+01 -9.50000E+02  7.39732E-03
  1.50000E+02 -9.50000E+02  6.68245E-03
  2.50000E+02 -9.50000E+02  7.47841E-03
  3.50000E+02 -9.50000E+02  5.75459E-03
  4.50000E+02 -9.50000E+02  6.19926E-03
  5.50000E+02 -9.50000E+02  5.92753E-03
  6.50000E+02 -9.50000E+02  7.04660E-03
  7.50000E+02 -9.50000E+02  7.33894E-03
  8.50000E+02 -9.50000E+02  4.99457E-03
  9.50000E+02 -9.50000E+02  5.65913E-03
  1.05000E+03 -9.50000E+02  1.02826E-02
  1.15000E+03 -9.50000E+02  5.13580E-03
  1.25000E+03 -9.50000E+02  5.14093E-03
  1.35000E+03 -9.50000E+02  7.37999E-03
  1.45000E+03 -9.50000E+02  1.31583E-02
  1.55000E+03 -9.50000E+02  9.77321E-03
  1.65000E+03 -9.50000E+02  1.02620E-02
  1.75000E+03 -9.50000E+02  8.28321E-03
  1.85000E+03 -9.50000E+02  1.39935E-02
  1.95000E+03 -9.50000E+02  2.17103E-02
  2.05000E+03 -9.50000E+02  5.12869E-03
  2.15000E+03 -9.50000E+02  9.89580E-03
  2.25000E+03 -9.50000E+02  6.18479E-03
  2.35000E+03 -9.50000E+02  6.50118E-03
  2.45000E+03 -9.50000E+02  6.40988E-03
  2.55000E+03 -9.50000E+02  8.97145E-03
  2.65000E+03 -9.50000E+02  1.44798E-02
  2.75000E+03 -9.50000E+02  9.99306E-03
  2.85000E+03 -9.50000E+02  1.32052E-02
  2.95000E+03 -9.50000E+02  1.13276E-02
  3.05000E+03 -9.50000E+02  4.26781E-03
  3.15000E+03 -9.50000E+02  5.56880E-03
  3.25000E+03 -9.50000E+02  9.26900E-03
  3.35000E+03 -9.50000E+02  1.16498E-02
  3.45000E+03 -9.50000E+02  1.23136E-02
  3.55000E+03 -9.50000E+02  1.54162E-02
  3.65000E+03 -9.50000E+02  1.25559E-02
  3.75000E+03 -9.50000E+02  1.00203E-02
  3.85000E+03 -9.50000E+02  7.00912E-03
  3.95000E+03 -9.50000E+02  6.32044E-03
  5.00000E+01 -1.05000E+03  5.26328E-03
  1.50000E+02 -1.05000E+03  4.49860E-03
  2.50000E+02 -1.05000E+03  5.23876E-03
  3.50000E+02 -1.05000E+03  6.92898E-03
  4.50000E+02 -1.05000E+03  7.27519E-03
  5.50000E+02 -1.05000E+03  8.20255E-03
  6.50000E+02 -1.05000E+03  1.15119E-02
  7.50000E+02 -1.05000E+03  1.03784E-02
  8.50000E+02 -1.05000E+03  5.09014E-03
  9.50000E+02 -1.05000E+03  6.68723E-03
  1.05000E+03 -1.05000E+03  4.47521E-03
  1.15000E+03 -1.05000E+03  7.22229E-03
  1.25000E+03 -1.05000E+03  7.09613E-03
  1.35000E+03 -1.05000E+03  1.11095E-02
  1.45000E+03 -1.05000E+03  1.22009E-02
  1.55000E+03 -1.05000E+03  1.39841E-02
  1.65000E+03 -1.05000E+03  1.64246E-02
  1.75000E+03 -1.05000E+03  1.15138E-02
  1.85000E+03 -1.05000E+03  1.43707E-02
  1.95000E+03 -1.05000E+03  2.18342E-02
  2.05000E+03 -1.05000E+03  3.13609E-03
  2.15000E+03 -1.05000E+03  1.70890E-02
  2.25000E+03 -1.05000E+03  1.45488E-02
  2.35000E+03 -1.05000E+03  1.26527E-02
  2.45000E+03 -1.05000E+03  6.58417E-03
  2.55000E+03 -1.05000E+03  1.03370E-02
  2.65000E+03 -1.05000E+03  1.26379E-02
  2.75000E+03 -1.05000E+03  9.09595E-03
  2.85000E+03 -1.05000E+03  1.04287E-02
  2.95000E+03 -1.05000E+03  1.28347E-02
  3.05000E+03 -1.05000E+03  4.48954E-03
  3.15000E+03 -1.05000E+03  3.91600E-03
  3.25000E+03 -1.05000E+03  8.59411E-03
  3.35000E+03 -1.05000E+03  1.41596E-02
  3.45000E+03 -1.05000E+03  1.28803E-02
  3.55000E+03 -1.05000E+03  1.31645E-02
  3.65000E+03 -1.05000E+03  1.31729E-02
  3.75000E+03 -1.05000E+03  9.53896E-03
  3.85000E+03 -1.05000E+03  7.01556E-03
  3.95000E+03 -1.05000E+03  5.09097E-03
  5.00000E+01 -1.15000E+03  3.72971E-03
  1.50000E+02 -1.15000E+03  5.44727E-03
  2.50000E+02 -1.15000E+03  6.04117E-03
  3.50000E+02 -1.15000E+03  6.96030E-03
  4.50000E+02 -1.15000E+03  6.70781E-03
  5.50000E+02 -1.15000E+03  1.17326E-02
  6.50000E+02 -1.15000E+03  1.12182E-02
  7.50000E+02 -1.15000E+03  8.04846E-03
  8.50000E+02 -1.15000E+03  6.46113E-03
  9.50000E+02 -1.15000E+03  8.72570E-03
  1.05000E+03 -1.15000E+03  1.12607E-02
  1.15000E+03 -1.15000E+03  1.28863E-02
  1.25000E+03 -1.15000E+03  6.65271E-03
  1.35000E+03 -1.15000E+03  7.71482E-03
  1.45000E+03 -1.15000E+03  9.56615E-03
  1.55000E+03 -1.15000E+03  1.46819E-02
  1.65000E+03 -1.15000E+03  2.07414E-02
  1.75000E+03 -1.15000E+03  1.01645E-02
  1.85000E+03 -1.15000E+03  1.40423E-02
  1.95000E+03 -1.15000E+03  2.26220E-02
  2.05000E+03 -1.15000E+03  3.76969E-03
  2.15000E+03 -1.15000E+03  1.87564E-02
  2.25000E+03 -1.15000E+03  2.33066E-02
  2.35000E+03 -1.15000E+03  2.74148E-02
  2.45000E+03 -1.15000E+03  1.04189E-02
  2.55000E+03 -1.15000E+03  1.17551E-02
  2.65000E+03 -1.15000E+03  9.56609E-03
  2.75000E+03 -1.15000E+03  4.02465E-03
  2.85000E+03 -1.15000E+03  8.56658E-03
  2.95000E+03 -1.15000E+03  1.38133E-02
  3.05000E+03 -1.15000E+03  1.19494E-02
  3.15000E+03 -1.15000E+03  5.55242E-03
  3.25000E+03 -1.15000E+03  8.15899E-03
  3.35000E+03 -1.15000E+03  1.19728E-02
  3.45000E+03 -1.15000E+03  1.60106E-02
  3.55000E+03 -1.15000E+03  1.23136E-02
  3.65000E+03 -1.15000E+03  1.06623E-02
  3.75000E+03 -1.15000E+03  7.80238E-03
  3.85000E+03 -1.15000E+03  4.43685E-03
  3.95000E+03 -1.15000E+03  2.83437E-03
  5.00000E+01 -1.25000E+03  6.55595E-03
  1.50000E+02 -1.25000E+03  5.68960E-03
  2.50000E+02 -1.25000E+03  5.66062E-03
  3.50000E+02 -1.25000E+03  6.02147E-03
  4.50000E+02 -1.25000E+03  7.44513E-03
  5.50000E+02 -1.25000E+03  9.69874E-03
  6.50000E+02 -1.25000E+03  8.85118E-03
  7.50000E+02 -1.25000E+03  7.52879E-03
  8.50000E+02 -1.25000E+03  8.83659E-03
  9.50000E+02 -1.25000E+03  1.51171E-02
  1.05000E+03 -1.25000E+03  2.65563E-02
  1.15000E+03 -1.25000E+03  1.86618E-02
  1.25000E+03 -1.25000E+03  7.49910E-03
  1.35000E+03 -1.25000E+03  4.85714E-03
  1.45000E+03 -1.25000E+03  7.42556E-03
  1.55000E+03 -1.25000E+03  1.29123E-02
  1.65000E+03 -1.25000E+03  1.67225E-02
  1.75000E+03 -1.25000E+03  8.58404E-03
  1.85000E+03 -1.25000E+03  1.26075E-02
  1.95000E+03 -1.25000E+03  2.26516E-02
  2.05000E+03 -1.25000E+03  4.18317E-03
  2.15000E+03 -1.25000E+03  1.03660E-02
  2.25000E+03 -1.25000E+03  1.53620E-02
  2.35000E+03 -1.25000E+03  2.87152E-02
  2.45000E+03 -1.25000E+03  2.33024E-02
  2.55000E+03 -1.25000E+03  2.26810E-02
  2.65000E+03 -1.25000E+03  1.56718E-02
  2.75000E+03 -1.25000E+03  4.30164E-03
  2.85000E+03 -1.25000E+03  5.84621E-03
  2.95000E+03 -1.25000E+03  1.71514E-02
  3.05000E+03 -1.25000E+03  1.78136E-02
  3.15000E+03 -1.25000E+03  1.02197E-02
  3.25000E+03 -1.25000E+03  1.02980E-02
  3.35000E+03 -1.25000E+03  9.04546E-03
  3.45000E+03 -1.25000E+03  1.18320E-02
  3.55000E+03 -1.25000E+03  1.26891E-02
  3.65000E+03 -1.25000E+03  8.85258E-03
  3.75000E+03 -1.25000E+03  6.26441E-03
  3.85000E+03 -1.25000E+03  4.38517E-03
  3.95000E+03 -1.25000E+03  3.15702E-03
  5.00000E+01 -1.35000E+03  7.72232E-03
  1.50000E+02 -1.35000E+03  5.81311E-03
  2.50000E+02 -1.35000E+03  4.29338E-03
  3.50000E+02 -1.35000E+03  5.21043E-03
  4.50000E+02 -1.35000E+03  6.20596E-03
  5.50000E+02 -1.35000E+03  6.78041E-03
  6.50000E+02 -1.35000E+03  5.78808E-03
  7.50000E+02 -1.35000E+03  7.81942E-03
  8.50000E+02 -1.35000E+03  1.67015E-02
  9.50000E+02 -1.35000E+03  3.15359E-02
  1.05000E+03 -1.35000E+03  3.25379E-02
  1.15000E+03 -1.35000E+03  1.84433E-02
  1.25000E+03 -1.35000E+03  1.02269E-02
  1.35000E+03 -1.35000E+03  7.78333E-03
  1.45000E+03 -1.35000E+03  9.05630E-03
  1.55000E+03 -1.35000E+03  1.45349E-02
  1.65000E+03 -1.35000E+03  1.52242E-02
  1.75000E+03 -1.35000E+03  8.05943E-03
  1.85000E+03 -1.35000E+03  1.33855E-02
  1.95000E+03 -1.35000E+03  2.44039E-02
  2.05000E+03 -1.35000E+03  6.55380E-03
  2.15000E+03 -1.35000E+03  5.13667E-03
  2.25000E+03 -1.35000E+03  6.42863E-03
  2.35000E+03 -1.35000E+03  2.62043E-02
  2.45000E+03 -1.35000E+03  3.21775E-02
  2.55000E+03 -1.35000E+03  4.15827E-02
  2.65000E+03 -1.35000E+03  3.47181E-02
  2.75000E+03 -1.35000E+03  1.68569E-02
  2.85000E+03 -1.35000E+03  7.28946E-03
  2.95000E+03 -1.35000E+03  1.47478E-02
  3.05000E+03 -1.35000E+03  1.98383E-02
  3.15000E+03 -1.35000E+03  2.06967E-02
  3.25000E+03 -1.35000E+03  8.07536E-03
  3.35000E+03 -1.35000E+03  7.33116E-03
  3.45000E+03 -1.35000E+03  7.20589E-03
  3.55000E+03 -1.35000E+03  8.33809E-03
  3.65000E+03 -1.35000E+03  8.01208E-03
  3.75000E+03 -1.35000E+03  4.32496E-03
  3.85000E+03 -1.35000E+03  2.97081E-03
  3.95000E+03 -1.35000E+03  2.70666E-03
  5.00000E+01 -1.45000E+03  6.65633E-03
  1.50000E+02 -1.45000E+03  4.82804E-03
  2.50000E+02 -1.45000E+03  4.73675E-03
  3.50000E+02 -1.45000E+03  4.45264E-03
  4.50000E+02 -1.45000E+03  7.25969E-03
  5.50000E+02 -1.45000E+03  4.20822E-03
  6.50000E+02 -1.45000E+03  4.18483E-03
  7.50000E+02 -1.45000E+03  9.97511E-03
  8.50000E+02 -1.45000E+03  2.90462E-02
  9.50000E+02 -1.45000E+03  3.57633E-02
  1.05000E+03 -1.45000E+03  2.99180E-02
  1.15000E+03 -1.45000E+03  1.91539E-02
  1.25000E+03 -1.45000E+03  1.71667E-02
  1.35000E+03 -1.45000E+03  1.46369E-02
  1.45000E+03 -1.45000E+03  1.79200E-02
  1.55000E+03 -1.45000E+03  2.00196E-02
  1.65000E+03 -1.45000E+03  1.84369E-02
  1.75000E+03 -1.45000E+03  1.23183E-02
  1.85000E+03 -1.45000E+03  2.02802E-02
  1.95000E+03 -1.45000E+03  3.04524E-02
  2.05000E+03 -1.45000E+03  1.43152E-02
  2.15000E+03 -1.45000E+03  7.60770E-03
  2.25000E+03 -1.45000E+03  5.40252E-03
  2.35000E+03 -1.45000E+03  2.88595E-02
  2.45000E+03 -1.45000E+03  4.19258E-02
  2.55000E+03 -1.45000E+03  6.18205E-02
  2.65000E+03 -1.45000E+03  6.40002E-02
  2.75000E+03 -1.45000E+03  4.21908E-02
  2.85000E+03 -1.45000E+03  1.44704E-02
  2.95000E+03 -1.45000E+03  1.12999E-02
  3.05000E+03 -1.45000E+03  1.96424E-02
  3.15000E+03 -1.45000E+03  2.18632E-02
  3.25000E+03 -1.45000E+03  9.43945E-03
  3.35000E+03 -1.45000E+03  4.20916E-03
  3.45000E+03 -1.45000E+03  3.51356E-03
  3.55000E+03 -1.45000E+03  4.84334E-03
  3.65000E+03 -1.45000E+03  4.79402E-03
  3.75000E+03 -1.45000E+03  3.91549E-03
  3.85000E+03 -1.45000E+03  2.17580E-03
  3.95000E+03 -1.45000E+03  2.07898E-03
  5.00000E+01 -1.55000E+03  6.05040E-03
  1.50000E+02 -1.55000E+03  5.73764E-03
  2.50000E+02 -1.55000E+03  4.79873E-03
  3.50000E+02 -1.55000E+03  6.29092E-03
  4.50000E+02 -1.55000E+03  4.36969E-03
  5.50000E+02 -1.55000E+03  2.95293E-03
  6.50000E+02 -1.55000E+03  4.23689E-03
  7.50000E+02 -1.55000E+03  1.62436E-02
  8.50000E+02 -1.55000E+03  2.95916E-02
  9.50000E+02 -1.55000E+03  2.71986E-02
  1.05000E+03 -1.55000E+03  1.86123E-02
  1.15000E+03 -1.55000E+03  1.82170E-02
  1.25000E+03 -1.55000E+03  3.18469E-02
  1.35000E+03 -1.55000E+03  2.80728E-02
  1.45000E+03 -1.55000E+03  2.21923E-02
  1.55000E+03 -1.55000E+03  2.56555E-02
  1.65000E+03 -1.55000E+03  2.22970E-02
  1.75000E+03 -1.55000E+03  2.17227E-02
  1.85000E+03 -1.55000E+03  3.11537E-02
  1.95000E+03 -1.55000E+03  4.23712E-02
  2.05000E+03 -1.55000E+03  2.84044E-02
  2.15000E+03 -1.55000E+03  1.61929E-02
  2.25000E+03 -1.55000E+03  1.25191E-02
  2.35000E+03 -1.55000E+03  3.95756E-02
  2.45000E+03 -1.55000E+03  6.47035E-02
  2.55000E+03 -1.55000E+03  8.39552E-02
  2.65000E+03 -1.55000E+03  1.06124E-01
  2.75000E+03 -1.55000E+03  7.95633E-02
  2.85000E+03 -1.55000E+03  1.96643E-02
  2.95000E+03 -1.55000E+03  8.81841E-03
  3.05000E+03 -1.55000E+03  1.11751E-02
  3.15000E+03 -1.55000E+03  1.72207E-02
  3.25000E+03 -1.55000E+03  1.49936E-02
  3.35000E+03 -1.55000E+03  4.02823E-03
  3.45000E+03 -1.55000E+03  1.85080E-03
  3.55000E+03 -1.55000E+03  2.39779E-03
  3.65000E+03 -1.55000E+03  2.71826E-03
  3.75000E+03 -1.55000E+03  2.79241E-03
  3.85000E+03 -1.55000E+03  2.77842E-03
  3.95000E+03 -1.55000E+03  2.19917E-03
  5.00000E+01 -1.65000E+03  7.15976E-03
  1.50000E+02 -1.65000E+03  6.65084E-03
  2.50000E+02 -1.65000E+03  8.72497E-03
  3.50000E+02 -1.65000E+03  6.27751E-03
  4.50000E+02 -1.65000E+03  5.76221E-03
  5.50000E+02 -1.65000E+03  3.21261E-03
  6.50000E+02 -1.65000E+03  6.91075E-03
  7.50000E+02 -1.65000E+03  1.50176E-02
  8.50000E+02 -1.65000E+03  2.40175E-02
  9.50000E+02 -1.65000E+03  1.72988E-02
  1.05000E+03 -1.65000E+03  1.45891E-02
  1.15000E+03 -1.65000E+03  1.45738E-02
  1.25000E+03 -1.65000E+03  3.95153E-02
  1.35000E+03 -1.65000E+03  3.88815E-02
  1.45000E+03 -1.65000E+03  3.40142E-02
  1.55000E+03 -1.65000E+03  3.26478E-02
  1.65000E+03 -1.65000E+03  2.83794E-02
  1.75000E+03 -1.65000E+03  3.27730E-02
  1.85000E+03 -1.65000E+03  4.63792E-02
  1.95000E+03 -1.65000E+03  5.75082E-02
  2.05000E+03 -1.65000E+03  4.13876E-02
  2.15000E+03 -1.65000E+03  2.72499E-02
  2.25000E+03 -1.65000E+03  2.51858E-02
  2.35000E+03 -1.65000E+03  5.19113E-02
  2.45000E+03 -1.65000E+03  8.71685E-02
  2.55000E+03 -1.65000E+03  1.27169E-01
  2.65000E+03 -1.65000E+03  1.42219E-01
  2.75000E+03 -1.65000E+03  1.19839E-01
  2.85000E+03 -1.65000E+03  2.65027E-02
  2.95000E+03 -1.65000E+03  8.28204E-03
  3.05000E+03 -1.65000E+03  5.27396E-03
  3.15000E+03 -1.65000E+03  1.10394E-02
  3.25000E+03 -1.65000E+03  1.05641E-02
  3.35000E+03 -1.65000E+03  9.23469E-03
  3.45000E+03 -1.65000E+03  2.36834E-03
  3.55000E+03 -1.65000E+03  1.77057E-03
  3.65000E+03 -1.65000E+03  2.45688E-03
  3.75000E+03 -1.65000E+03  2.35373E-03
  3.85000E+03 -1.65000E+03  2.61265E-03
  3.95000E+03 -1.65000E+03  3.33565E-03
  5.00000E+01 -1.75000E+03  8.61036E-03
  1.50000E+02 -1.75000E+03  9.64750E-03
  2.50000E+02 -1.75000E+03  7.63465E-03
  3.50000E+02 -1.75000E+03  6.31568E-03
  4.50000E+02 -1.75000E+03  5.27513E-03
  5.50000E+02 -1.75000E+03  2.75848E-03
  6.50000E+02 -1.75000E+03  7.41903E-03
  7.50000E+02 -1.75000E+03  1.42278E-02
  8.50000E+02 -1.75000E+03  1.15241E-02
  9.50000E+02 -1.75000E+03  9.62564E-03
  1.05000E+03 -1.75000E+03  8.60564E-03
  1.15000E+03 -1.75000E+03  1.57797E-02
  1.25000E+03 -1.75000E+03  3.29856E-02
  1.35000E+03 -1.75000E+03  3.06261E-02
  1.45000E+03 -1.75000E+03  3.39106E-02
  1.55000E+03 -1.75000E+03  3.77453E-02
  1.65000E+03 -1.75000E+03  3.37616E-02
  1.75000E+03 -1.75000E+03  4.48201E-02
  1.85000E+03 -1.75000E+03  6.31512E-02
  1.95000E+03 -1.75000E+03  7.26873E-02
  2.05000E+03 -1.75000E+03  5.58942E-02
  2.15000E+03 -1.75000E+03  4.22288E-02
  2.25000E+03 -1.75000E+03  3.74096E-02
  2.35000E+03 -1.75000E+03  5.59222E-02
  2.45000E+03 -1.75000E+03  9.19943E-02
  2.55000E+03 -1.75000E+03  1.31905E-01
  2.65000E+03 -1.75000E+03  1.58663E-01
  2.75000E+03 -1.75000E+03  1.34674E-01
  2.85000E+03 -1.75000E+03  4.64984E-02
  2.95000E+03 -1.75000E+03  9.21689E-03
  3.05000E+03 -1.75000E+03  3.29563E-03
  3.15000E+03 -1.75000E+03  4.59431E-03
  3.25000E+03 -1.75000E+03  8.37187E-03
  3.35000E+03 -1.75000E+03  7.61361E-03
  3.45000E+03 -1.75000E+03  4.25744E-03
  3.55000E+03 -1.75000E+03  3.54361E-03
  3.65000E+03 -1.75000E+03  2.45682E-03
  3.75000E+03 -1.75000E+03  3.00619E-03
  3.85000E+03 -1.75000E+03  2.62852E-03
  3.95000E+03 -1.75000E+03  2.99034E-03
  5.00000E+01 -1.85000E+03  1.03763E-02
  1.50000E+02 -1.85000E+03  1.01188E-02
  2.50000E+02 -1.85000E+03  7.30437E-03
  3.50000E+02 -1.85000E+03  7.57409E-03
  4.50000E+02 -1.85000E+03  5.07013E-03
  5.50000E+02 -1.85000E+03  2.91165E-03
  6.50000E+02 -1.85000E+03  8.41292E-03
  7.50000E+02 -1.85000E+03  1.01023E-02
  8.50000E+02 -1.85000E+03  6.81822E-03
  9.50000E+02 -1.85000E+03  6.41756E-03
  1.05000E+03 -1.85000E+03  4.10969E-03
  1.15000E+03 -1.85000E+03  1.56295E-02
  1.25000E+03 -1.85000E+03  2.48689E-02
  1.35000E+03 -1.85000E+03  2.34317E-02
  1.45000E+03 -1.85000E+03  2.83352E-02
  1.55000E+03 -1.85000E+03  3.26754E-02
  1.65000E+03 -1.85000E+03  3.00054E-02
  1.75000E+03 -1.85000E+03  4.46050E-02
  1.85000E+03 -1.85000E+03  6.16606E-02
  1.95000E+03 -1.85000E+03  7.26550E-02
  2.05000E+03 -1.85000E+03  5.98306E-02
  2.15000E+03 -1.85000E+03  4.50542E-02
  2.25000E+03 -1.85000E+03  4.23798E-02
  2.35000E+03 -1.85000E+03  4.98839E-02
  2.45000E+03 -1.85000E+03  8.00756E-02
  2.55000E+03 -1.85000E+03  1.10665E-01
  2.65000E+03 -1.85000E+03  1.48121E-01
  2.75000E+03 -1.85000E+03  1.39174E-01
  2.85000E+03 -1.85000E+03  6.07637E-02
  2.95000E+03 -1.85000E+03  1.00451E-02
  3.05000E+03 -1.85000E+03  2.51823E-03
  3.15000E+03 -1.85000E+03  1.59419E-03
  3.25000E+03 -1.85000E+03  8.82453E-03
  3.35000E+03 -1.85000E+03  7.65873E-03
  3.45000E+03 -1.85000E+03  5.34083E-03
  3.55000E+03 -1.85000E+03  4.71777E-03
  3.65000E+03 -1.85000E+03  5.03982E-03
  3.75000E+03 -1.85000E+03  3.62807E-03
  3.85000E+03 -1.85000E+03  3.71665E-03
  3.95000E+03 -1.85000E+03  3.38652E-03
  5.00000E+01 -1.95000E+03  1.04418E-02
  1.50000E+02 -1.95000E+03  8.90092E-03
  2.50000E+02 -1.95000E+03  9.93941E-03
  3.50000E+02 -1.95000E+03  7.99034E-03
  4.50000E+02 -1.95000E+03  3.29635E-03
  5.50000E+02 -1.95000E+03  4.50842E-03
  6.50000E+02 -1.95000E+03  8.51886E-03
  7.50000E+02 -1.95000E+03  5.30124E-03
  8.50000E+02 -1.95000E+03  3.87697E-03
  9.50000E+02 -1.95000E+03  3.20413E-03
  1.05000E+03 -1.95000E+03  5.89633E-03
  1.15000E+03 -1.95000E+03  1.73625E-02
  1.25000E+03 -1.95000E+03  1.59618E-02
  1.35000E+03 -1.95000E+03  1.82191E-02
  1.45000E+03 -1.95000E+03  2.67970E-02
  1.55000E+03 -1.95000E+03  2.38961E-02
  1.65000E+03 -1.95000E+03  2.40775E-02
  1.75000E+03 -1.95000E+03  3.70629E-02
  1.85000E+03 -1.95000E+03  5.27001E-02
  1.95000E+03 -1.95000E+03  6.11907E-02
  2.05000E+03 -1.95000E+03  5.07866E-02
  2.15000E+03 -1.95000E+03  3.84314E-02
  2.25000E+03 -1.95000E+03  3.61376E-02
  2.35000E+03 -1.95000E+03  4.08643E-02
  2.45000E+03 -1.95000E+03  6.13046E-02
  2.55000E+03 -1.95000E+03  8.71653E-02
  2.65000E+03 -1.95000E+03  1.23723E-01
  2.75000E+03 -1.95000E+03  1.28465E-01
  2.85000E+03 -1.95000E+03  7.79325E-02
  2.95000E+03 -1.95000E+03  1.52332E-02
  3.05000E+03 -1.95000E+03  2.18474E-03
  3.15000E+03 -1.95000E+03  1.90255E-03
  3.25000E+03 -1.95000E+03  4.84797E-03
  3.35000E+03 -1.95000E+03  9.96475E-03
  3.45000E+03 -1.95000E+03  6.90480E-03
  3.55000E+03 -1.95000E+03  7.28264E-03
  3.65000E+03 -1.95000E+03  7.50666E-03
  3.75000E+03 -1.95000E+03  4.81462E-03
  3.85000E+03 -1.95000E+03  4.40349E-03
  3.95000E+03 -1.95000E+03  3.49565E-03
  5.00000E+01 -2.05000E+03  8.91354E-03
  1.50000E+02 -2.05000E+03  8.06574E-03
  2.50000E+02 -2.05000E+03  9.85702E-03
  3.50000E+02 -2.05000E+03  5.81123E-03
  4.50000E+02 -2.05000E+03  4.69004E-03
  5.50000E+02 -2.05000E+03  7.53099E-03
  6.50000E+02 -2.05000E+03  6.97063E-03
  7.50000E+02 -2.05000E+03  4.53486E-03
  8.50000E+02 -2.05000E+03  4.64017E-03
  9.50000E+02 -2.05000E+03  3.74735E-03
  1.05000E+03 -2.05000E+03  5.79721E-03
  1.15000E+03 -2.05000E+03  1.31660E-02
  1.25000E+03 -2.05000E+03  1.11724E-02
  1.35000E+03 -2.05000E+03  1.54520E-02
  1.45000E+03 -2.05000E+03  2.16848E-02
  1.55000E+03 -2.05000E+03  1.66909E-02
  1.65000E+03 -2.05000E+03  1.86386E-02
  1.75000E+03 -2.05000E+03  2.83624E-02
  1.85000E+03 -2.05000E+03  4.06518E-02
  1.95000E+03 -2.05000E+03  4.85182E-02
  2.05000E+03 -2.05000E+03  4.10798E-02
  2.15000E+03 -2.05000E+03  3.23320E-02
  2.25000E+03 -2.05000E+03  3.00706E-02
  2.35000E+03 -2.05000E+03  2.83206E-02
  2.45000E+03 -2.05000E+03  4.51251E-02
  2.55000E+03 -2.05000E+03  6.51944E-02
  2.65000E+03 -2.05000E+03  9.10701E-02
  2.75000E+03 -2.05000E+03  1.09062E-01
  2.85000E+03 -2.05000E+03  8.02938E-02
  2.95000E+03 -2.05000E+03  2.20486E-02
  3.05000E+03 -2.05000E+03  4.73593E-03
  3.15000E+03 -2.05000E+03  3.18846E-03
  3.25000E+03 -2.05000E+03  4.75608E-03
  3.35000E+03 -2.05000E+03  8.53375E-03
  3.45000E+03 -2.05000E+03  9.73384E-03
  3.55000E+03 -2.05000E+03  7.74657E-03
  3.65000E+03 -2.05000E+03  7.78694E-03
  3.75000E+03 -2.05000E+03  8.20670E-03
  3.85000E+03 -2.05000E+03  4.78361E-03
  3.95000E+03 -2.05000E+03  4.57759E-03
  5.00000E+01 -2.15000E+03  7.97168E-03
  1.50000E+02 -2.15000E+03  8.42492E-03
  2.50000E+02 -2.15000E+03  8.88717E-03
  3.50000E+02 -2.15000E+03  5.43940E-03
  4.50000E+02 -2.15000E+03  6.74780E-03
  5.50000E+02 -2.15000E+03  7.59597E-03
  6.50000E+02 -2.15000E+03  5.88763E-03
  7.50000E+02 -2.15000E+03  6.03138E-03
  8.50000E+02 -2.15000E+03  6.87504E-03
  9.50000E+02 -2.15000E+03  5.86624E-03
  1.05000E+03 -2.15000E+03  8.47409E-03
  1.15000E+03 -2.15000E+03  1.05635E-02
  1.25000E+03 -2.15000E+03  1.01857E-02
  1.35000E+03 -2.15000E+03  1.68461E-02
  1.45000E+03 -2.15000E+03  1.89979E-02
  1.55000E+03 -2.15000E+03  1.07341E-02
  1.65000E+03 -2.15000E+03  1.12035E-02
  1.75000E+03 -2.15000E+03  1.90703E-02
  1.85000E+03 -2.15000E+03  3.02303E-02
  1.95000E+03 -2.15000E+03  3.61070E-02
  2.05000E+03 -2.15000E+03  2.76407E-02
  2.15000E+03 -2.15000E+03  2.01195E-02
  2.25000E+03 -2.15000E+03  2.03287E-02
  2.35000E+03 -2.15000E+03  1.95902E-02
  2.45000E+03 -2.15000E+03  3.28807E-02
  2.55000E+03 -2.15000E+03  4.66927E-02
  2.65000E+03 -2.15000E+03  6.53032E-02
  2.75000E+03 -2.15000E+03  8.82730E-02
  2.85000E+03 -2.15000E+03  8.14901E-02
  2.95000E+03 -2.15000E+03  3.47686E-02
  3.05000E+03 -2.15000E+03  7.74345E-03
  3.15000E+03 -2.15000E+03  6.25041E-03
  3.25000E+03 -2.15000E+03  6.90680E-03
  3.35000E+03 -2.15000E+03  7.91615E-03
  3.45000E+03 -2.15000E+03  1.18780E-02
  3.55000E+03 -2.15000E+03  8.52479E-03
  3.65000E+03 -2.15000E+03  8.45102E-03
  3.75000E+03 -2.15000E+03  7.99018E-03
  3.85000E+03 -2.15000E+03  6.77379E-03
  3.95000E+03 -2.15000E+03  4.13717E-03
  5.00000E+01 -2.25000E+03  7.37861E-03
  1.50000E+02 -2.25000E+03  8.88622E-03
  2.50000E+02 -2.25000E+03  6.00821E-03
  3.50000E+02 -2.25000E+03  6.48282E-03
  4.50000E+02 -2.25000E+03  7.92418E-03
  5.50000E+02 -2.25000E+03  7.23165E-03
  6.50000E+02 -2.25000E+03  7.83203E-03
  7.50000E+02 -2.25000E+03  9.64251E-03
  8.50000E+02 -2.25000E+03  9.68034E-03
  9.50000E+02 -2.25000E+03  8.43680E-03
  1.05000E+03 -2.25000E+03  9.86838E-03
  1.15000E+03 -2.25000E+03  1.15922E-02
  1.25000E+03 -2.25000E+03  1.25298E-02
  1.35000E+03 -2.25000E+03  1.94210E-02
  1.45000E+03 -2.25000E+03  1.74579E-02
  1.55000E+03 -2.25000E+03  8.02803E-03
  1.65000E+03 -2.25000E+03  8.31419E-03
  1.75000E+03 -2.25000E+03  1.33283E-02
  1.85000E+03 -2.25000E+03  2.21931E-02
  1.95000E+03 -2.25000E+03  2.81109E-02
  2.05000E+03 -2.25000E+03  1.92967E-02
  2.15000E+03 -2.25000E+03  1.27323E-02
  2.25000E+03 -2.25000E+03  1.43754E-02
  2.35000E+03 -2.25000E+03  1.43463E-02
  2.45000E+03 -2.25000E+03  2.24780E-02
  2.55000E+03 -2.25000E+03  3.64000E-02
  2.65000E+03 -2.25000E+03  4.51896E-02
  2.75000E+03 -2.25000E+03  6.36930E-02
  2.85000E+03 -2.25000E+03  7.99064E-02
  2.95000E+03 -2.25000E+03  4.23931E-02
  3.05000E+03 -2.25000E+03  1.11964E-02
  3.15000E+03 -2.25000E+03  7.43703E-03
  3.25000E+03 -2.25000E+03  8.46900E-03
  3.35000E+03 -2.25000E+03  1.07477E-02
  3.45000E+03 -2.25000E+03  1.14455E-02
  3.55000E+03 -2.25000E+03  1.06042E-02
  3.65000E+03 -2.25000E+03  9.19482E-03
  3.75000E+03 -2.25000E+03  8.74292E-03
  3.85000E+03 -2.25000E+03  9.31244E-03
  3.95000E+03 -2.25000E+03  5.39667E-03
  5.00000E+01 -2.35000E+03  7.83752E-03
  1.50000E+02 -2.35000E+03  5.93734E-03
  2.50000E+02 -2.35000E+03  6.05579E-03
  3.50000E+02 -2.35000E+03  7.45526E-03
  4.50000E+02 -2.35000E+03  7.73304E-03
  5.50000E+02 -2.35000E+03  8.37105E-03
  6.50000E+02 -2.35000E+03  1.35521E-02
  7.50000E+02 -2.35000E+03  1.31067E-02
  8.50000E+02 -2.35000E+03  1.13930E-02
  9.50000E+02 -2.35000E+03  1.01638E-02
  1.05000E+03 -2.35000E+03  1.01751E-02
  1.15000E+03 -2.35000E+03  1.22920E-02
  1.25000E+03 -2.35000E+03  1.79704E-02
  1.35000E+03 -2.35000E+03  2.23364E-02
  1.45000E+03 -2.35000E+03  1.76478E-02
  1.55000E+03 -2.35000E+03  7.90163E-03
  1.65000E+03 -2.35000E+03  7.43178E-03
  1.75000E+03 -2.35000E+03  9.90433E-03
  1.85000E+03 -2.35000E+03  1.67292E-02
  1.95000E+03 -2.35000E+03  2.17440E-02
  2.05000E+03 -2.35000E+03  1.40060E-02
  2.15000E+03 -2.35000E+03  8.80740E-03
  2.25000E+03 -2.35000E+03  1.08458E-02
  2.35000E+03 -2.35000E+03  1.10946E-02
  2.45000E+03 -2.35000E+03  1.66927E-02
  2.55000E+03 -2.35000E+03  2.62677E-02
  2.65000E+03 -2.35000E+03  3.19411E-02
  2.75000E+03 -2.35000E+03  4.57118E-02
  2.85000E+03 -2.35000E+03  6.92874E-02
  2.95000E+03 -2.35000E+03  4.82082E-02
  3.05000E+03 -2.35000E+03  1.74655E-02
  3.15000E+03 -2.35000E+03  7.22146E-03
  3.25000E+03 -2.35000E+03  1.14472E-02
  3.35000E+03 -2.35000E+03  1.38519E-02
  3.45000E+03 -2.35000E+03  1.38753E-02
  3.55000E+03 -2.35000E+03  1.33284E-02
  3.65000E+03 -2.35000E+03  9.64410E-03
  3.75000E+03 -2.35000E+03  8.89869E-03
  3.85000E+03 -2.35000E+03  8.76647E-03
  3.95000E+03 -2.35000E+03  8.19109E-03
  5.00000E+01 -2.45000E+03  7.35131E-03
  1.50000E+02 -2.45000E+03  5.42813E-03
  2.50000E+02 -2.45000E+03  6.82462E-03
  3.50000E+02 -2.45000E+03  7.73355E-03
  4.50000E+02 -2.45000E+03  7.88924E-03
  5.50000E+02 -2.45000E+03  1.55319E-02
  6.50000E+02 -2.45000E+03  1.57562E-02
  7.50000E+02 -2.45000E+03  1.51757E-02
  8.50000E+02 -2.45000E+03  1.22912E-02
  9.50000E+02 -2.45000E+03  1.05981E-02
  1.05000E+03 -2.45000E+03  1.01864E-02
  1.15000E+03 -2.45000E+03  1.51148E-02
  1.25000E+03 -2.45000E+03  2.21791E-02
  1.35000E+03 -2.45000E+03  2.66264E-02
  1.45000E+03 -2.45000E+03  2.01197E-02
  1.55000E+03 -2.45000E+03  8.87776E-03
  1.65000E+03 -2.45000E+03  7.06302E-03
  1.75000E+03 -2.45000E+03  8.98691E-03
  1.85000E+03 -2.45000E+03  1.51149E-02
  1.95000E+03 -2.45000E+03  1.95291E-02
  2.05000E+03 -2.45000E+03  1.18809E-02
  2.15000E+03 -2.45000E+03  7.00188E-03
  2.25000E+03 -2.45000E+03  9.11948E-03
  2.35000E+03 -2.45000E+03  1.03796E-02
  2.45000E+03 -2.45000E+03  1.36534E-02
  2.55000E+03 -2.45000E+03  2.10472E-02
  2.65000E+03 -2.45000E+03  2.35525E-02
  2.75000E+03 -2.45000E+03  3.46118E-02
  2.85000E+03 -2.45000E+03  6.17378E-02
  2.95000E+03 -2.45000E+03  5.48087E-02
  3.05000E+03 -2.45000E+03  2.32088E-02
  3.15000E+03 -2.45000E+03  8.03062E-03
  3.25000E+03 -2.45000E+03  9.61964E-03
  3.35000E+03 -2.45000E+03  1.58375E-02
  3.45000E+03 -2.45000E+03  1.83498E-02
  3.55000E+03 -2.45000E+03  1.62464E-02
  3.65000E+03 -2.45000E+03  1.38329E-02
  3.75000E+03 -2.45000E+03  9.36257E-03
  3.85000E+03 -2.45000E+03  9.32841E-03
  3.95000E+03 -2.45000E+03  8.90282E-03
  5.00000E+01 -2.55000E+03  4.70145E-03
  1.50000E+02 -2.55000E+03  5.36102E-03
  2.50000E+02 -2.55000E+03  6.93673E-03
  3.50000E+02 -2.55000E+03  7.53299E-03
  4.50000E+02 -2.55000E+03  1.11756E-02
  5.50000E+02 -2.55000E+03  1.79725E-02
  6.50000E+02 -2.55000E+03  1.84786E-02
  7.50000E+02 -2.55000E+03  1.56359E-02
  8.50000E+02 -2.55000E+03  1.03252E-02
  9.50000E+02 -2.55000E+03  1.06763E-02
  1.05000E+03 -2.55000E+03  1.26937E-02
  1.15000E+03 -2.55000E+03  1.87263E-02
  1.25000E+03 -2.55000E+03  3.02375E-02
  1.35000E+03 -2.55000E+03  2.83060E-02
  1.45000E+03 -2.55000E+03  1.70191E-02
  1.55000E+03 -2.55000E+03  7.48816E-03
  1.65000E+03 -2.55000E+03  4.95088E-03
  1.75000E+03 -2.55000E+03  8.82455E-03
  1.85000E+03 -2.55000E+03  1.35555E-02
  1.95000E+03 -2.55000E+03  1.67722E-02
  2.05000E+03 -2.55000E+03  1.04229E-02
  2.15000E+03 -2.55000E+03  6.29699E-03
  2.25000E+03 -2.55000E+03  9.17826E-03
  2.35000E+03 -2.55000E+03  1.00044E-02
  2.45000E+03 -2.55000E+03  1.34987E-02
  2.55000E+03 -2.55000E+03  1.93781E-02
  2.65000E+03 -2.55000E+03  1.97729E-02
  2.75000E+03 -2.55000E+03  2.54804E-02
  2.85000E+03 -2.55000E+03  4.75893E-02
  2.95000E+03 -2.55000E+03  5.62643E-02
  3.05000E+03 -2.55000E+03  2.87624E-02
  3.15000E+03 -2.55000E+03  1.19286E-02
  3.25000E+03 -2.55000E+03  7.58478E-03
  3.35000E+03 -2.55000E+03  1.48257E-02
  3.45000E+03 -2.55000E+03  1.82674E-02
  3.55000E+03 -2.55000E+03  1.79662E-02
  3.65000E+03 -2.55000E+03  1.54082E-02
  3.75000E+03 -2.55000E+03  1.28660E-02
  3.85000E+03 -2.55000E+03  1.03092E-02
  3.95000E+03 -2.55000E+03  1.03735E-02
  5.00000E+01 -2.65000E+03  5.37389E-03
  1.50000E+02 -2.65000E+03  6.44446E-03
  2.50000E+02 -2.65000E+03  6.82640E-03
  3.50000E+02 -2.65000E+03  8.75661E-03
  4.50000E+02 -2.65000E+03  2.03781E-02
  5.50000E+02 -2.65000E+03  1.96856E-02
  6.50000E+02 -2.65000E+03  1.82570E-02
  7.50000E+02 -2.65000E+03  1.10641E-02
  8.50000E+02 -2.65000E+03  9.23361E-03
  9.50000E+02 -2.65000E+03  9.75831E-03
  1.05000E+03 -2.65000E+03  1.39738E-02
  1.15000E+03 -2.65000E+03  2.25234E-02
  1.25000E+03 -2.65000E+03  3.44399E-02
  1.35000E+03 -2.65000E+03  2.91740E-02
  1.45000E+03 -2.65000E+03  1.78997E-02
  1.55000E+03 -2.65000E+03  8.64673E-03
  1.65000E+03 -2.65000E+03  6.73920E-03
  1.75000E+03 -2.65000E+03  9.56242E-03
  1.85000E+03 -2.65000E+03  1.37263E-02
  1.95000E+03 -2.65000E+03  1.60768E-02
  2.05000E+03 -2.65000E+03  1.14741E-02
  2.15000E+03 -2.65000E+03  6.38879E-03
  2.25000E+03 -2.65000E+03  9.89453E-03
  2.35000E+03 -2.65000E+03  1.18540E-02
  2.45000E+03 -2.65000E+03  1.31344E-02
  2.55000E+03 -2.65000E+03  1.78826E-02
  2.65000E+03 -2.65000E+03  1.78054E-02
  2.75000E+03 -2.65000E+03  1.95628E-02
  2.85000E+03 -2.65000E+03  3.58287E-02
  2.95000E+03 -2.65000E+03  5.47654E-02
  3.05000E+03 -2.65000E+03  4.06166E-02
  3.15000E+03 -2.65000E+03  1.27169E-02
  3.25000E+03 -2.65000E+03  4.83584E-03
  3.35000E+03 -2.65000E+03  1.19387E-02
  3.45000E+03 -2.65000E+03  2.03408E-02
  3.55000E+03 -2.65000E+03  2.03714E-02
  3.65000E+03 -2.65000E+03  1.84880E-02
  3.75000E+03 -2.65000E+03  1.66903E-02
  3.85000E+03 -2.65000E+03  1.26671E-02
  3.95000E+03 -2.65000E+03  1.18922E-02
  5.00000E+01 -2.75000E+03  6.63048E-03
  1.50000E+02 -2.75000E+03  6.69467E-03
  2.50000E+02 -2.75000E+03  7.43117E-03
  3.50000E+02 -2.75000E+03  1.58915E-02
  4.50000E+02 -2.75000E+03  2.04766E-02
  5.50000E+02 -2.75000E+03  1.96277E-02
  6.50000E+02 -2.75000E+03  1.39401E-02
  7.50000E+02 -2.75000E+03  8.87319E-03
  8.50000E+02 -2.75000E+03  8.95181E-03
  9.50000E+02 -2.75000E+03  1.13835E-02
  1.05000E+03 -2.75000E+03  1.66744E-02
  1.15000E+03 -2.75000E+03  2.86872E-02
  1.25000E+03 -2.75000E+03  3.43590E-02
  1.35000E+03 -2.75000E+03  2.63870E-02
  1.45000E+03 -2.75000E+03  1.52609E-02
  1.55000E+03 -2.75000E+03  9.15543E-03
  1.65000E+03 -2.75000E+03  7.40950E-03
  1.75000E+03 -2.75000E+03  7.49088E-03
  1.85000E+03 -2.75000E+03  1.17155E-02
  1.95000E+03 -2.75000E+03  1.43200E-02
  2.05000E+03 -2.75000E+03  8.92980E-03
  2.15000E+03 -2.75000E+03  5.88283E-03
  2.25000E+03 -2.75000E+03  1.01655E-02
  2.35000E+03 -2.75000E+03  1.27515E-02
  2.45000E+03 -2.75000E+03  1.36711E-02
  2.55000E+03 -2.75000E+03  1.65433E-02
  2.65000E+03 -2.75000E+03  1.62475E-02
  2.75000E+03 -2.75000E+03  1.46521E-02
  2.85000E+03 -2.75000E+03  2.58009E-02
  2.95000E+03 -2.75000E+03  4.75398E-02
  3.05000E+03 -2.75000E+03  4.59230E-02
  3.15000E+03 -2.75000E+03  1.87768E-02
  3.25000E+03 -2.75000E+03  8.99818E-03
  3.35000E+03 -2.75000E+03  7.07267E-03
  3.45000E+03 -2.75000E+03  1.59274E-02
  3.55000E+03 -2.75000E+03  2.20035E-02
  3.65000E+03 -2.75000E+03  2.34402E-02
  3.75000E+03 -2.75000E+03  1.95873E-02
  3.85000E+03 -2.75000E+03  1.79291E-02
  3.95000E+03 -2.75000E+03  1.44635E-02
  5.00000E+01 -2.85000E+03  7.78899E-03
  1.50000E+02 -2.85000E+03  6.92714E-03
  2.50000E+02 -2.85000E+03  1.35096E-02
  3.50000E+02 -2.85000E+03  2.20511E-02
  4.50000E+02 -2.85000E+03  1.96749E-02
  5.50000E+02 -2.85000E+03  1.73468E-02
  6.50000E+02 -2.85000E+03  9.49185E-03
  7.50000E+02 -2.85000E+03  6.99793E-03
  8.50000E+02 -2.85000E+03  8.20466E-03
  9.50000E+02 -2.85000E+03  1.24380E-02
  1.05000E+03 -2.85000E+03  2.02582E-02
  1.15000E+03 -2.85000E+03  3.10173E-02
  1.25000E+03 -2.85000E+03  3.38665E-02
  1.35000E+03 -2.85000E+03  2.47362E-02
  1.45000E+03 -2.85000E+03  1.39062E-02
  1.55000E+03 -2.85000E+03  8.60944E-03
  1.65000E+03 -2.85000E+03  6.66469E-03
  1.75000E+03 -2.85000E+03  6.52147E-03
  1.85000E+03 -2.85000E+03  9.53442E-03
  1.95000E+03 -2.85000E+03  1.16491E-02
  2.05000E+03 -2.85000E+03  7.73996E-03
  2.15000E+03 -2.85000E+03  5.86558E-03
  2.25000E+03 -2.85000E+03  9.03311E-03
  2.35000E+03 -2.85000E+03  1.21593E-02
  2.45000E+03 -2.85000E+03  1.27349E-02
  2.55000E+03 -2.85000E+03  1.49604E-02
  2.65000E+03 -2.85000E+03  1.50614E-02
  2.75000E+03 -2.85000E+03  1.30567E-02
  2.85000E+03 -2.85000E+03  2.17956E-02
  2.95000E+03 -2.85000E+03  4.14957E-02
  3.05000E+03 -2.85000E+03  5.18652E-02
  3.15000E+03 -2.85000E+03  3.10279E-02
  3.25000E+03 -2.85000E+03  1.14646E-02
  3.35000E+03 -2.85000E+03  5.03579E-03
  3.45000E+03 -2.85000E+03  1.15948E-02
  3.55000E+03 -2.85000E+03  1.73385E-02
  3.65000E+03 -2.85000E+03  2.40788E-02
  3.75000E+03 -2.85000E+03  2.56400E-02
  3.85000E+03 -2.85000E+03  1.89567E-02
  3.95000E+03 -2.85000E+03  1.92125E-02
  5.00000E+01 -2.95000E+03  8.18407E-03
  1.50000E+02 -2.95000E+03  9.88515E-03
  2.50000E+02 -2.95000E+03  2.16139E-02
  3.50000E+02 -2.95000E+03  2.07455E-02
  4.50000E+02 -2.95000E+03  1.81942E-02
  5.50000E+02 -2.95000E+03  1.42501E-02
  6.50000E+02 -2.95000E+03  7.42191E-03
  7.50000E+02 -2.95000E+03  6.39779E-03
  8.50000E+02 -2.95000E+03  8.34326E-03
  9.50000E+02 -2.95000E+03  1.48636E-02
  1.05000E+03 -2.95000E+03  2.43032E-02
  1.15000E+03 -2.95000E+03  3.50175E-02
  1.25000E+03 -2.95000E+03  3.29183E-02
  1.35000E+03 -2.95000E+03  2.38715E-02
  1.45000E+03 -2.95000E+03  1.46457E-02
  1.55000E+03 -2.95000E+03  1.00620E-02
  1.65000E+03 -2.95000E+03  7.35203E-03
  1.75000E+03 -2.95000E+03  6.08034E-03
  1.85000E+03 -2.95000E+03  8.38764E-03
  1.95000E+03 -2.95000E+03  1.01297E-02
  2.05000E+03 -2.95000E+03  6.37183E-03
  2.15000E+03 -2.95000E+03  4.93094E-03
  2.25000E+03 -2.95000E+03  8.61316E-03
  2.35000E+03 -2.95000E+03  1.25678E-02
  2.45000E+03 -2.95000E+03  1.29679E-02
  2.55000E+03 -2.95000E+03  1.38511E-02
  2.65000E+03 -2.95000E+03  1.44619E-02
  2.75000E+03 -2.95000E+03  1.19976E-02
  2.85000E+03 -2.95000E+03  1.74559E-02
  2.95000E+03 -2.95000E+03  3.38760E-02
  3.05000E+03 -2.95000E+03  5.09029E-02
  3.15000E+03 -2.95000E+03  4.50049E-02
  3.25000E+03 -2.95000E+03  1.97432E-02
  3.35000E+03 -2.95000E+03  6.72151E-03
  3.45000E+03 -2.95000E+03  9.75188E-03
  3.55000E+03 -2.95000E+03  1.51039E-02
  3.65000E+03 -2.95000E+03  2.18379E-02
  3.75000E+03 -2.95000E+03  2.41086E-02
  3.85000E+03 -2.95000E+03  2.44883E-02
  3.95000E+03 -2.95000E+03  2.17572E-02
  5.00000E+01 -3.05000E+03  1.01511E-02
  1.50000E+02 -3.05000E+03  1.90609E-02
  2.50000E+02 -3.05000E+03  2.26412E-02
  3.50000E+02 -3.05000E+03  2.06033E-02
  4.50000E+02 -3.05000E+03  1.60389E-02
  5.50000E+02 -3.05000E+03  7.88781E-03
  6.50000E+02 -3.05000E+03  6.88483E-03
  7.50000E+02 -3.05000E+03  6.71357E-03
  8.50000E+02 -3.05000E+03  1.01626E-02
  9.50000E+02 -3.05000E+03  1.75448E-02
  1.05000E+03 -3.05000E+03  2.97810E-02
  1.15000E+03 -3.05000E+03  3.67062E-02
  1.25000E+03 -3.05000E+03  3.15548E-02
  1.35000E+03 -3.05000E+03  2.19974E-02
  1.45000E+03 -3.05000E+03  1.45955E-02
  1.55000E+03 -3.05000E+03  1.00930E-02
  1.65000E+03 -3.05000E+03  6.68573E-03
  1.75000E+03 -3.05000E+03  4.96984E-03
  1.85000E+03 -3.05000E+03  7.36601E-03
  1.95000E+03 -3.05000E+03  7.96101E-03
  2.05000E+03 -3.05000E+03  5.48504E-03
  2.15000E+03 -3.05000E+03  4.86093E-03
  2.25000E+03 -3.05000E+03  9.55999E-03
  2.35000E+03 -3.05000E+03  1.22044E-02
  2.45000E+03 -3.05000E+03  1.25559E-02
  2.55000E+03 -3.05000E+03  1.29387E-02
  2.65000E+03 -3.05000E+03  1.34430E-02
  2.75000E+03 -3.05000E+03  1.13585E-02
  2.85000E+03 -3.05000E+03  1.29848E-02
  2.95000E+03 -3.05000E+03  2.83531E-02
  3.05000E+03 -3.05000E+03  4.72733E-02
  3.15000E+03 -3.05000E+03  5.38012E-02
  3.25000E+03 -3.05000E+03  2.95863E-02
  3.35000E+03 -3.05000E+03  1.09504E-02
  3.45000E+03 -3.05000E+03  6.02336E-03
  3.55000E+03 -3.05000E+03  1.19669E-02
  3.65000E+03 -3.05000E+03  1.79180E-02
  3.75000E+03 -3.05000E+03  2.26101E-02
  3.85000E+03 -3.05000E+03  2.99738E-02
  3.95000E+03 -3.05000E+03  2.55421E-02
  5.00000E+01 -3.15000E+03  1.58147E-02
  1.50000E+02 -3.15000E+03  2.28239E-02
  2.50000E+02 -3.15000E+03  2.34052E-02
  3.50000E+02 -3.15000E+03  1.83153E-02
  4.50000E+02 -3.15000E+03  1.09250E-02
  5.50000E+02 -3.15000E+03  8.05820E-03
  6.50000E+02 -3.15000E+03  6.48348E-03
  7.50000E+02 -3.15000E+03  8.16381E-03
  8.50000E+02 -3.15000E+03  1.42699E-02
  9.50000E+02 -3.15000E+03  2.25678E-02
  1.05000E+03 -3.15000E+03  3.38440E-02
  1.15000E+03 -3.15000E+03  3.85329E-02
  1.25000E+03 -3.15000E+03  3.11752E-02
  1.35000E+03 -3.15000E+03  2.33751E-02
  1.45000E+03 -3.15000E+03  1.44711E-02
  1.55000E+03 -3.15000E+03  1.02146E-02
  1.65000E+03 -3.15000E+03  6.50573E-03
  1.75000E+03 -3.15000E+03  4.58888E-03
  1.85000E+03 -3.15000E+03  6.39362E-03
  1.95000E+03 -3.15000E+03  7.03277E-03
  2.05000E+03 -3.15000E+03  4.60704E-03
  2.15000E+03 -3.15000E+03  4.75549E-03
  2.25000E+03 -3.15000E+03  9.21411E-03
  2.35000E+03 -3.15000E+03  1.23646E-02
  2.45000E+03 -3.15000E+03  1.21732E-02
  2.55000E+03 -3.15000E+03  1.14746E-02
  2.65000E+03 -3.15000E+03  1.31653E-02
  2.75000E+03 -3.15000E+03  1.08642E-02
  2.85000E+03 -3.15000E+03  1.01950E-02
  2.95000E+03 -3.15000E+03  2.37008E-02
  3.05000E+03 -3.15000E+03  4.16326E-02
  3.15000E+03 -3.15000E+03  5.57414E-02
  3.25000E+03 -3.15000E+03  4.32611E-02
  3.35000E+03 -3.15000E+03  2.06331E-02
  3.45000E+03 -3.15000E+03  8.40684E-03
  3.55000E+03 -3.15000E+03  9.97407E-03
  3.65000E+03 -3.15000E+03  1.44236E-02
  3.75000E+03 -3.15000E+03  2.07161E-02
  3.85000E+03 -3.15000E+03  2.65089E-02
  3.95000E+03 -3.15000E+03  3.09712E-02
  5.00000E+01 -3.25000E+03  2.39608E-02
  1.50000E+02 -3.25000E+03  2.30469E-02
  2.50000E+02 -3.25000E+03  2.09889E-02
  3.50000E+02 -3.25000E+03  1.49782E-02
  4.50000E+02 -3.25000E+03  9.09996E-03
  5.50000E+02 -3.25000E+03  7.83841E-03
  6.50000E+02 -3.25000E+03  7.30256E-03
  7.50000E+02 -3.25000E+03  1.13988E-02
  8.50000E+02 -3.25000E+03  1.86221E-02
  9.50000E+02 -3.25000E+03  2.88305E-02
  1.05000E+03 -3.25000E+03  3.90059E-02
  1.15000E+03 -3.25000E+03  3.91573E-02
  1.25000E+03 -3.25000E+03  3.25764E-02
  1.35000E+03 -3.25000E+03  2.28351E-02
  1.45000E+03 -3.25000E+03  1.54975E-02
  1.55000E+03 -3.25000E+03  1.08953E-02
  1.65000E+03 -3.25000E+03  6.42929E-03
  1.75000E+03 -3.25000E+03  4.54487E-03
  1.85000E+03 -3.25000E+03  5.73073E-03
  1.95000E+03 -3.25000E+03  6.16492E-03
  2.05000E+03 -3.25000E+03  4.43519E-03
  2.15000E+03 -3.25000E+03  4.54401E-03
  2.25000E+03 -3.25000E+03  7.60196E-03
  2.35000E+03 -3.25000E+03  1.21506E-02
  2.45000E+03 -3.25000E+03  1.16056E-02
  2.55000E+03 -3.25000E+03  1.20406E-02
  2.65000E+03 -3.25000E+03  1.28069E-02
  2.75000E+03 -3.25000E+03  1.18319E-02
  2.85000E+03 -3.25000E+03  9.03767E-03
  2.95000E+03 -3.25000E+03  1.96880E-02
  3.05000E+03 -3.25000E+03  3.87310E-02
  3.15000E+03 -3.25000E+03  5.40121E-02
  3.25000E+03 -3.25000E+03  5.29233E-02
  3.35000E+03 -3.25000E+03  3.21907E-02
  3.45000E+03 -3.25000E+03  1.40832E-02
  3.55000E+03 -3.25000E+03  9.38836E-03
  3.65000E+03 -3.25000E+03  1.21303E-02
  3.75000E+03 -3.25000E+03  1.80275E-02
  3.85000E+03 -3.25000E+03  2.46697E-02
  3.95000E+03 -3.25000E+03  3.06992E-02
  5.00000E+01 -3.35000E+03  2.46715E-02
  1.50000E+02 -3.35000E+03  2.29082E-02
  2.50000E+02 -3.35000E+03  1.95741E-02
  3.50000E+02 -3.35000E+03  1.11240E-02
  4.50000E+02 -3.35000E+03  9.06713E-03
  5.50000E+02 -3.35000E+03  7.81782E-03
  6.50000E+02 -3.35000E+03  9.81498E-03
  7.50000E+02 -3.35000E+03  1.57748E-02
  8.50000E+02 -3.35000E+03  2.26542E-02
  9.50000E+02 -3.35000E+03  3.28076E-02
  1.05000E+03 -3.35000E+03  4.20055E-02
  1.15000E+03 -3.35000E+03  4.04126E-02
  1.25000E+03 -3.35000E+03  3.13602E-02
  1.35000E+03 -3.35000E+03  2.23044E-02
  1.45000E+03 -3.35000E+03  1.65565E-02
  1.55000E+03 -3.35000E+03  1.15744E-02
  1.65000E+03 -3.35000E+03  6.45170E-03
  1.75000E+03 -3.35000E+03  4.96164E-03
  1.85000E+03 -3.35000E+03  5.97085E-03
  1.95000E+03 -3.35000E+03  5.78467E-03
  2.05000E+03 -3.35000E+03  4.20464E-03
  2.15000E+03 -3.35000E+03  4.65203E-03
  2.25000E+03 -3.35000E+03  8.29385E-03
  2.35000E+03 -3.35000E+03  1.22689E-02
  2.45000E+03 -3.35000E+03  1.24173E-02
  2.55000E+03 -3.35000E+03  1.11868E-02
  2.65000E+03 -3.35000E+03  1.23292E-02
  2.75000E+03 -3.35000E+03  1.18077E-02
  2.85000E+03 -3.35000E+03  9.48986E-03
  2.95000E+03 -3.35000E+03  1.56711E-02
  3.05000E+03 -3.35000E+03  3.21035E-02
  3.15000E+03 -3.35000E+03  5.25619E-02
  3.25000E+03 -3.35000E+03  5.85214E-02
  3.35000E+03 -3.35000E+03  4.12282E-02
  3.45000E+03 -3.35000E+03  2.05758E-02
  3.55000E+03 -3.35000E+03  1.13165E-02
  3.65000E+03 -3.35000E+03  1.13563E-02
  3.75000E+03 -3.35000E+03  1.60657E-02
  3.85000E+03 -3.35000E+03  2.06305E-02
  3.95000E+03 -3.35000E+03  2.69925E-02
  5.00000E+01 -3.45000E+03  2.48609E-02
  1.50000E+02 -3.45000E+03  2.18610E-02
  2.50000E+02 -3.45000E+03  1.48714E-02
  3.50000E+02 -3.45000E+03  1.00229E-02
  4.50000E+02 -3.45000E+03  1.01787E-02
  5.50000E+02 -3.45000E+03  8.80957E-03
  6.50000E+02 -3.45000E+03  1.27537E-02
  7.50000E+02 -3.45000E+03  1.95104E-02
  8.50000E+02 -3.45000E+03  2.76174E-02
  9.50000E+02 -3.45000E+03  3.59276E-02
  1.05000E+03 -3.45000E+03  4.27700E-02
  1.15000E+03 -3.45000E+03  4.10119E-02
  1.25000E+03 -3.45000E+03  2.98984E-02
  1.35000E+03 -3.45000E+03  2.32905E-02
  1.45000E+03 -3.45000E+03  1.76246E-02
  1.55000E+03 -3.45000E+03  1.15716E-02
  1.65000E+03 -3.45000E+03  6.57884E-03
  1.75000E+03 -3.45000E+03  4.77007E-03
  1.85000E+03 -3.45000E+03  4.84577E-03
  1.95000E+03 -3.45000E+03  5.27600E-03
  2.05000E+03 -3.45000E+03  4.16314E-03
  2.15000E+03 -3.45000E+03  4.45185E-03
  2.25000E+03 -3.45000E+03  7.71827E-03
  2.35000E+03 -3.45000E+03  1.19716E-02
  2.45000E+03 -3.45000E+03  1.22338E-02
  2.55000E+03 -3.45000E+03  1.18242E-02
  2.65000E+03 -3.45000E+03  1.22886E-02
  2.75000E+03 -3.45000E+03  1.19690E-02
  2.85000E+03 -3.45000E+03  1.00598E-02
  2.95000E+03 -3.45000E+03  1.35987E-02
  3.05000E+03 -3.45000E+03  2.72697E-02
  3.15000E+03 -3.45000E+03  4.69151E-02
  3.25000E+03 -3.45000E+03  6.10510E-02
  3.35000E+03 -3.45000E+03  5.50109E-02
  3.45000E+03 -3.45000E+03  3.34938E-02
  3.55000E+03 -3.45000E+03  1.68316E-02
  3.65000E+03 -3.45000E+03  1.18496E-02
  3.75000E+03 -3.45000E+03  1.39841E-02
  3.85000E+03 -3.45000E+03  1.94576E-02
  3.95000E+03 -3.45000E+03  2.48855E-02
  5.00000E+01 -3.55000E+03  2.40419E-02
  1.50000E+02 -3.55000E+03  2.08431E-02
  2.50000E+02 -3.55000E+03  1.17174E-02
  3.50000E+02 -3.55000E+03  1.13557E-02
  4.50000E+02 -3.55000E+03  1.03185E-02
  5.50000E+02 -3.55000E+03  1.19872E-02
  6.50000E+02 -3.55000E+03  1.53895E-02
  7.50000E+02 -3.55000E+03  2.33905E-02
  8.50000E+02 -3.55000E+03  3.33302E-02
  9.50000E+02 -3.55000E+03  4.08510E-02
  1.05000E+03 -3.55000E+03  4.61194E-02
  1.15000E+03 -3.55000E+03  3.88681E-02
  1.25000E+03 -3.55000E+03  3.01453E-02
  1.35000E+03 -3.55000E+03  2.34676E-02
  1.45000E+03 -3.55000E+03  1.79019E-02
  1.55000E+03 -3.55000E+03  1.29308E-02
  1.65000E+03 -3.55000E+03  6.80522E-03
  1.75000E+03 -3.55000E+03  4.56866E-03
  1.85000E+03 -3.55000E+03  4.93171E-03
  1.95000E+03 -3.55000E+03  5.53892E-03
  2.05000E+03 -3.55000E+03  4.90090E-03
  2.15000E+03 -3.55000E+03  5.33724E-03
  2.25000E+03 -3.55000E+03  9.07931E-03
  2.35000E+03 -3.55000E+03  1.26661E-02
  2.45000E+03 -3.55000E+03  1.28046E-02
  2.55000E+03 -3.55000E+03  1.17445E-02
  2.65000E+03 -3.55000E+03  1.18332E-02
  2.75000E+03 -3.55000E+03  1.29400E-02
  2.85000E+03 -3.55000E+03  1.08462E-02
  2.95000E+03 -3.55000E+03  1.21425E-02
  3.05000E+03 -3.55000E+03  2.62468E-02
  3.15000E+03 -3.55000E+03  4.30774E-02
  3.25000E+03 -3.55000E+03  5.93070E-02
  3.35000E+03 -3.55000E+03  6.23341E-02
  3.45000E+03 -3.55000E+03  4.31524E-02
  3.55000E+03 -3.55000E+03  2.37441E-02
  3.65000E+03 -3.55000E+03  1.48486E-02
  3.75000E+03 -3.55000E+03  1.35157E-02
  3.85000E+03 -3.55000E+03  1.83695E-02
  3.95000E+03 -3.55000E+03  2.22363E-02
  5.00000E+01 -3.65000E+03  2.30159E-02
  1.50000E+02 -3.65000E+03  1.59803E-02
  2.50000E+02 -3.65000E+03  1.15521E-02
  3.50000E+02 -3.65000E+03  1.21550E-02
  4.50000E+02 -3.65000E+03  1.18098E-02
  5.50000E+02 -3.65000E+03  1.51083E-02
  6.50000E+02 -3.65000E+03  2.12260E-02
  7.50000E+02 -3.65000E+03  2.84383E-02
  8.50000E+02 -3.65000E+03  3.77046E-02
  9.50000E+02 -3.65000E+03  4.40993E-02
  1.05000E+03 -3.65000E+03  4.72986E-02
  1.15000E+03 -3.65000E+03  4.01321E-02
  1.25000E+03 -3.65000E+03  3.06386E-02
  1.35000E+03 -3.65000E+03  2.49092E-02
  1.45000E+03 -3.65000E+03  1.94326E-02
  1.55000E+03 -3.65000E+03  1.26035E-02
  1.65000E+03 -3.65000E+03  7.05728E-03
  1.75000E+03 -3.65000E+03  4.89775E-03
  1.85000E+03 -3.65000E+03  5.33198E-03
  1.95000E+03 -3.65000E+03  6.00934E-03
  2.05000E+03 -3.65000E+03  5.36977E-03
  2.15000E+03 -3.65000E+03  6.34122E-03
  2.25000E+03 -3.65000E+03  9.63839E-03
  2.35000E+03 -3.65000E+03  1.31089E-02
  2.45000E+03 -3.65000E+03  1.35037E-02
  2.55000E+03 -3.65000E+03  1.24857E-02
  2.65000E+03 -3.65000E+03  1.27221E-02
  2.75000E+03 -3.65000E+03  1.30619E-02
  2.85000E+03 -3.65000E+03  1.20232E-02
  2.95000E+03 -3.65000E+03  1.10413E-02
  3.05000E+03 -3.65000E+03  2.17007E-02
  3.15000E+03 -3.65000E+03  3.71113E-02
  3.25000E+03 -3.65000E+03  5.60735E-02
  3.35000E+03 -3.65000E+03  6.41741E-02
  3.45000E+03 -3.65000E+03  5.28630E-02
  3.55000E+03 -3.65000E+03  3.34003E-02
  3.65000E+03 -3.65000E+03  1.87202E-02
  3.75000E+03 -3.65000E+03  1.46924E-02
  3.85000E+03 -3.65000E+03  1.58725E-02
  3.95000E+03 -3.65000E+03  2.06172E-02
  5.00000E+01 -3.75000E+03  2.20228E-02
  1.50000E+02 -3.75000E+03  1.26979E-02
  2.50000E+02 -3.75000E+03  1.25964E-02
  3.50000E+02 -3.75000E+03  1.29958E-02
  4.50000E+02 -3.75000E+03  1.44665E-02
  5.50000E+02 -3.75000E+03  1.85961E-02
  6.50000E+02 -3.75000E+03  2.50179E-02
  7.50000E+02 -3.75000E+03  3.30587E-02
  8.50000E+02 -3.75000E+03  4.26848E-02
  9.50000E+02 -3.75000E+03  4.85627E-02
  1.05000E+03 -3.75000E+03  4.75601E-02
  1.15000E+03 -3.75000E+03  3.93655E-02
  1.25000E+03 -3.75000E+03  3.16197E-02
  1.35000E+03 -3.75000E+03  2.58599E-02
  1.45000E+03 -3.75000E+03  2.00694E-02
  1.55000E+03 -3.75000E+03  1.30060E-02
  1.65000E+03 -3.75000E+03  7.51595E-03
  1.75000E+03 -3.75000E+03  5.18579E-03
  1.85000E+03 -3.75000E+03  5.59301E-03
  1.95000E+03 -3.75000E+03  5.97237E-03
  2.05000E+03 -3.75000E+03  5.56842E-03
  2.15000E+03 -3.75000E+03  6.69668E-03
  2.25000E+03 -3.75000E+03  1.02709E-02
  2.35000E+03 -3.75000E+03  1.35119E-02
  2.45000E+03 -3.75000E+03  1.45559E-02
  2.55000E+03 -3.75000E+03  1.31743E-02
  2.65000E+03 -3.75000E+03  1.32485E-02
  2.75000E+03 -3.75000E+03  1.34652E-02
  2.85000E+03 -3.75000E+03  1.32455E-02
  2.95000E+03 -3.75000E+03  1.24538E-02
  3.05000E+03 -3.75000E+03  1.82443E-02
  3.15000E+03 -3.75000E+03  3.37455E-02
  3.25000E+03 -3.75000E+03  5.20673E-02
  3.35000E+03 -3.75000E+03  6.44941E-02
  3.45000E+03 -3.75000E+03  6.26789E-02
  3.55000E+03 -3.75000E+03  4.55774E-02
  3.65000E+03 -3.75000E+03  2.59728E-02
  3.75000E+03 -3.75000E+03  1.65624E-02
  3.85000E+03 -3.75000E+03  1.61345E-02
  3.95000E+03 -3.75000E+03  1.85577E-02
  5.00000E+01 -3.85000E+03  1.75059E-02
  1.50000E+02 -3.85000E+03  1.29022E-02
  2.50000E+02 -3.85000E+03  1.40150E-02
  3.50000E+02 -3.85000E+03  1.39817E-02
  4.50000E+02 -3.85000E+03  1.66805E-02
  5.50000E+02 -3.85000E+03  2.30206E-02
  6.50000E+02 -3.85000E+03  2.98451E-02
  7.50000E+02 -3.85000E+03  3.77726E-02
  8.50000E+02 -3.85000E+03  4.52693E-02
  9.50000E+02 -3.85000E+03  5.13766E-02
  1.05000E+03 -3.85000E+03  4.80571E-02
  1.15000E+03 -3.85000E+03  3.88509E-02
  1.25000E+03 -3.85000E+03  3.15848E-02
  1.35000E+03 -3.85000E+03  2.67702E-02
  1.45000E+03 -3.85000E+03  2.08471E-02
  1.55000E+03 -3.85000E+03  1.34630E-02
  1.65000E+03 -3.85000E+03  7.67667E-03
  1.75000E+03 -3.85000E+03  5.36541E-03
  1.85000E+03 -3.85000E+03  5.52704E-03
  1.95000E+03 -3.85000E+03  6.23282E-03
  2.05000E+03 -3.85000E+03  6.07973E-03
  2.15000E+03 -3.85000E+03  7.28775E-03
  2.25000E+03 -3.85000E+03  1.07778E-02
  2.35000E+03 -3.85000E+03  1.49512E-02
  2.45000E+03 -3.85000E+03  1.64346E-02
  2.55000E+03 -3.85000E+03  1.41132E-02
  2.65000E+03 -3.85000E+03  1.30962E-02
  2.75000E+03 -3.85000E+03  1.34834E-02
  2.85000E+03 -3.85000E+03  1.42919E-02
  2.95000E+03 -3.85000E+03  1.38921E-02
  3.05000E+03 -3.85000E+03  1.61491E-02
  3.15000E+03 -3.85000E+03  2.90083E-02
  3.25000E+03 -3.85000E+03  4.68471E-02
  3.35000E+03 -3.85000E+03  6.22257E-02
  3.45000E+03 -3.85000E+03  6.43422E-02
  3.55000E+03 -3.85000E+03  5.52132E-02
  3.65000E+03 -3.85000E+03  3.10054E-02
  3.75000E+03 -3.85000E+03  2.11912E-02
  3.85000E+03 -3.85000E+03  1.69672E-02
  3.95000E+03 -3.85000E+03  1.76833E-02
  5.00000E+01 -3.95000E+03  1.42655E-02
  1.50000E+02 -3.95000E+03  1.31767E-02
  2.50000E+02 -3.95000E+03  1.44144E-02
  3.50000E+02 -3.95000E+03  1.69024E-02
  4.50000E+02 -3.95000E+03  1.98352E-02
  5.50000E+02 -3.95000E+03  2.60116E-02
  6.50000E+02 -3.95000E+03  3.39487E-02
  7.50000E+02 -3.95000E+03  4.07208E-02
  8.50000E+02 -3.95000E+03  4.87491E-02
  9.50000E+02 -3.95000E+03  5.21856E-02
  1.05000E+03 -3.95000E+03  4.66170E-02
  1.15000E+03 -3.95000E+03  3.84038E-02
  1.25000E+03 -3.95000E+03  3.12322E-02
  1.35000E+03 -3.95000E+03  2.63902E-02
  1.45000E+03 -3.95000E+03  2.04324E-02
  1.55000E+03 -3.95000E+03  1.38157E-02
  1.65000E+03 -3.95000E+03  7.99805E-03
  1.75000E+03 -3.95000E+03  5.87328E-03
  1.85000E+03 -3.95000E+03  6.32318E-03
  1.95000E+03 -3.95000E+03  6.90844E-03
  2.05000E+03 -3.95000E+03  7.39708E-03
  2.15000E+03 -3.95000E+03  8.43622E-03
  2.25000E+03 -3.95000E+03  1.17007E-02
  2.35000E+03 -3.95000E+03  1.52465E-02
  2.45000E+03 -3.95000E+03  1.67918E-02
  2.55000E+03 -3.95000E+03  1.60237E-02
  2.65000E+03 -3.95000E+03  1.41485E-02
  2.75000E+03 -3.95000E+03  1.40966E-02
  2.85000E+03 -3.95000E+03  1.56222E-02
  2.95000E+03 -3.95000E+03  1.36620E-02
  3.05000E+03 -3.95000E+03  1.65230E-02
  3.15000E+03 -3.95000E+03  2.64318E-02
  3.25000E+03 -3.95000E+03  4.09984E-02
  3.35000E+03 -3.95000E+03  5.84330E-02
  3.45000E+03 -3.95000E+03  6.76807E-02
  3.55000E+03 -3.95000E+03  6.03485E-02
  3.65000E+03 -3.95000E+03  4.31927E-02
  3.75000E+03 -3.95000E+03  2.65769E-02
  3.85000E+03 -3.95000E+03  1.93778E-02
  3.95000E+03 -3.95000E+03  1.78936E-02
