
  5.00000E+01 -5.00000E+01  9.59941E-03
  1.50000E+02 -5.00000E+01  1.22751E-02
  2.50000E+02 -5.00000E+01  1.37714E-02
  3.50000E+02 -5.00000E+01  1.31868E-02
  4.50000E+02 -5.00000E+01  1.02997E-02
  5.50000E+02 -5.00000E+01  8.36640E-03
  6.50000E+02 -5.00000E+01  1.15867E-02
  7.50000E+02 -5.00000E+01  1.55259E-02
  8.50000E+02 -5.00000E+01  1.38004E-02
  9.50000E+02 -5.00000E+01  9.49446E-03
  1.05000E+03 -5.00000E+01  5.59249E-03
  1.15000E+03 -5.00000E+01  1.27796E-02
  1.25000E+03 -5.00000E+01  1.97099E-02
  1.35000E+03 -5.00000E+01  1.98582E-02
  1.45000E+03 -5.00000E+01  1.14204E-02
  1.55000E+03 -5.00000E+01  2.09230E-02
  1.65000E+03 -5.00000E+01  2.41428E-02
  1.75000E+03 -5.00000E+01  7.73199E-03
  1.85000E+03 -5.00000E+01  7.24801E-03
  1.95000E+03 -5.00000E+01  1.53681E-02
  2.05000E+03 -5.00000E+01  4.22046E-03
  2.15000E+03 -5.00000E+01  4.32821E-03
  2.25000E+03 -5.00000E+01  2.13925E-02
  2.35000E+03 -5.00000E+01  1.14747E-02
  2.45000E+03 -5.00000E+01  9.27233E-03
  2.55000E+03 -5.00000E+01  8.20870E-03
  2.65000E+03 -5.00000E+01  1.03873E-02
  2.75000E+03 -5.00000E+01  1.35123E-02
  2.85000E+03 -5.00000E+01  1.08735E-02
  2.95000E+03 -5.00000E+01  5.86070E-03
  3.05000E+03 -5.00000E+01  4.13485E-03
  3.15000E+03 -5.00000E+01  8.45689E-03
  3.25000E+03 -5.00000E+01  1.19751E-02
  3.35000E+03 -5.00000E+01  1.05769E-02
  3.45000E+03 -5.00000E+01  1.69068E-02
  3.55000E+03 -5.00000E+01  2.09200E-02
  3.65000E+03 -5.00000E+01  2.29521E-02
  3.75000E+03 -5.00000E+01  1.96654E-02
  3.85000E+03 -5.00000E+01  1.43900E-02
  3.95000E+03 -5.00000E+01  1.11201E-02
  5.00000E+01 -1.50000E+02  9.40886E-03
  1.50000E+02 -1.50000E+02  1.19999E-02
  2.50000E+02 -1.50000E+02  1.43166E-02
  3.50000E+02 -1.50000E+02  1.29936E-02
  4.50000E+02 -1.50000E+02  9.75406E-03
  5.50000E+02 -1.50000E+02  8.94934E-03
  6.50000E+02 -1.50000E+02  1.08756E-02
  7.50000E+02 -1.50000E+02  1.47177E-02
  8.50000E+02 -1.50000E+02  1.34890E-02
  9.50000E+02 -1.50000E+02  8.77114E-03
  1.05000E+03 -1.50000E+02  6.04030E-03
  1.15000E+03 -1.50000E+02  9.45023E-03
  1.25000E+03 -1.50000E+02  2.12714E-02
  1.35000E+03 -1.50000E+02  2.04280E-02
  1.45000E+03 -1.50000E+02  1.01622E-02
  1.55000E+03 -1.50000E+02  2.03456E-02
  1.65000E+03 -1.50000E+02  2.43426E-02
  1.75000E+03 -1.50000E+02  8.93925E-03
  1.85000E+03 -1.50000E+02  9.05787E-03
  1.95000E+03 -1.50000E+02  1.67207E-02
  2.05000E+03 -1.50000E+02  3.49432E-03
  2.15000E+03 -1.50000E+02  4.80473E-03
  2.25000E+03 -1.50000E+02  2.08036E-02
  2.35000E+03 -1.50000E+02  1.17198E-02
  2.45000E+03 -1.50000E+02  8.84536E-03
  2.55000E+03 -1.50000E+02  8.77681E-03
  2.65000E+03 -1.50000E+02  1.00777E-02
  2.75000E+03 -1.50000E+02  1.32405E-02
  2.85000E+03 -1.50000E+02  1.06681E-02
  2.95000E+03 -1.50000E+02  7.68832E-03
  3.05000E+03 -1.50000E+02  4.12057E-03
  3.15000E+03 -1.50000E+02  8.54883E-03
  3.25000E+03 -1.50000E+02  1.04770E-02
  3.35000E+03 -1.50000E+02  9.80476E-03
  3.45000E+03 -1.50000E+02  1.63492E-02
  3.55000E+03 -1.50000E+02  2.01577E-02
  3.65000E+03 -1.50000E+02  2.34707E-02
  3.75000E+03 -1.50000E+02  1.97619E-02
  3.85000E+03 -1.50000E+02  1.33696E-02
  3.95000E+03 -1.50000E+02  1.07128E-02
  5.00000E+01 -2.50000E+02  8.38981E-03
  1.50000E+02 -2.50000E+02  1.17997E-02
  2.50000E+02 -2.50000E+02  1.40448E-02
  3.50000E+02 -2.50000E+02  1.39345E-02
  4.50000E+02 -2.50000E+02  1.05518E-02
  5.50000E+02 -2.50000E+02  9.66425E-03
  6.50000E+02 -2.50000E+02  1.01687E-02
  7.50000E+02 -2.50000E+02  1.41475E-02
  8.50000E+02 -2.50000E+02  1.50519E-02
  9.50000E+02 -2.50000E+02  9.40500E-03
  1.05000E+03 -2.50000E+02  7.49728E-03
  1.15000E+03 -2.50000E+02  9.33838E-03
  1.25000E+03 -2.50000E+02  1.79679E-02
  1.35000E+03 -2.50000E+02  2.12814E-02
  1.45000E+03 -2.50000E+02  1.04266E-02
  1.55000E+03 -2.50000E+02  1.94038E-02
  1.65000E+03 -2.50000E+02  2.24921E-02
  1.75000E+03 -2.50000E+02  1.62447E-02
  1.85000E+03 -2.50000E+02  1.16240E-02
  1.95000E+03 -2.50000E+02  1.98885E-02
  2.05000E+03 -2.50000E+02  3.62044E-03
  2.15000E+03 -2.50000E+02  5.09934E-03
  2.25000E+03 -2.50000E+02  2.22131E-02
  2.35000E+03 -2.50000E+02  1.20680E-02
  2.45000E+03 -2.50000E+02  9.38654E-03
  2.55000E+03 -2.50000E+02  9.75970E-03
  2.65000E+03 -2.50000E+02  1.10258E-02
  2.75000E+03 -2.50000E+02  1.41433E-02
  2.85000E+03 -2.50000E+02  1.16761E-02
  2.95000E+03 -2.50000E+02  7.54982E-03
  3.05000E+03 -2.50000E+02  4.58452E-03
  3.15000E+03 -2.50000E+02  8.74149E-03
  3.25000E+03 -2.50000E+02  1.03196E-02
  3.35000E+03 -2.50000E+02  9.71692E-03
  3.45000E+03 -2.50000E+02  1.59251E-02
  3.55000E+03 -2.50000E+02  1.93868E-02
  3.65000E+03 -2.50000E+02  2.51104E-02
  3.75000E+03 -2.50000E+02  2.00856E-02
  3.85000E+03 -2.50000E+02  1.35424E-02
  3.95000E+03 -2.50000E+02  9.17776E-03
  5.00000E+01 -3.50000E+02  8.36902E-03
  1.50000E+02 -3.50000E+02  1.22801E-02
  2.50000E+02 -3.50000E+02  1.43583E-02
  3.50000E+02 -3.50000E+02  1.43597E-02
  4.50000E+02 -3.50000E+02  1.15029E-02
  5.50000E+02 -3.50000E+02  1.02374E-02
  6.50000E+02 -3.50000E+02  9.18477E-03
  7.50000E+02 -3.50000E+02  1.39292E-02
  8.50000E+02 -3.50000E+02  1.50934E-02
  9.50000E+02 -3.50000E+02  1.02326E-02
  1.05000E+03 -3.50000E+02  1.01373E-02
  1.15000E+03 -3.50000E+02  1.01601E-02
  1.25000E+03 -3.50000E+02  1.85099E-02
  1.35000E+03 -3.50000E+02  2.09321E-02
  1.45000E+03 -3.50000E+02  9.83969E-03
  1.55000E+03 -3.50000E+02  1.79157E-02
  1.65000E+03 -3.50000E+02  1.83491E-02
  1.75000E+03 -3.50000E+02  1.92076E-02
  1.85000E+03 -3.50000E+02  1.72614E-02
  1.95000E+03 -3.50000E+02  2.08055E-02
  2.05000E+03 -3.50000E+02  6.62374E-03
  2.15000E+03 -3.50000E+02  7.66281E-03
  2.25000E+03 -3.50000E+02  2.14335E-02
  2.35000E+03 -3.50000E+02  1.34675E-02
  2.45000E+03 -3.50000E+02  1.22660E-02
  2.55000E+03 -3.50000E+02  1.10158E-02
  2.65000E+03 -3.50000E+02  1.28143E-02
  2.75000E+03 -3.50000E+02  1.47878E-02
  2.85000E+03 -3.50000E+02  1.37294E-02
  2.95000E+03 -3.50000E+02  9.10176E-03
  3.05000E+03 -3.50000E+02  5.35976E-03
  3.15000E+03 -3.50000E+02  1.03737E-02
  3.25000E+03 -3.50000E+02  8.08514E-03
  3.35000E+03 -3.50000E+02  8.81717E-03
  3.45000E+03 -3.50000E+02  1.44959E-02
  3.55000E+03 -3.50000E+02  2.19059E-02
  3.65000E+03 -3.50000E+02  2.37378E-02
  3.75000E+03 -3.50000E+02  2.00582E-02
  3.85000E+03 -3.50000E+02  1.36904E-02
  3.95000E+03 -3.50000E+02  8.61460E-03
  5.00000E+01 -4.50000E+02  8.70196E-03
  1.50000E+02 -4.50000E+02  1.30609E-02
  2.50000E+02 -4.50000E+02  1.41264E-02
  3.50000E+02 -4.50000E+02  1.42906E-02
  4.50000E+02 -4.50000E+02  1.26444E-02
  5.50000E+02 -4.50000E+02  1.21335E-02
  6.50000E+02 -4.50000E+02  9.37972E-03
  7.50000E+02 -4.50000E+02  1.21349E-02
  8.50000E+02 -4.50000E+02  1.49509E-02
  9.50000E+02 -4.50000E+02  1.17069E-02
  1.05000E+03 -4.50000E+02  9.79213E-03
  1.15000E+03 -4.50000E+02  1.04373E-02
  1.25000E+03 -4.50000E+02  2.00891E-02
  1.35000E+03 -4.50000E+02  1.90821E-02
  1.45000E+03 -4.50000E+02  9.16318E-03
  1.55000E+03 -4.50000E+02  1.67395E-02
  1.65000E+03 -4.50000E+02  1.20036E-02
  1.75000E+03 -4.50000E+02  1.79780E-02
  1.85000E+03 -4.50000E+02  1.60755E-02
  1.95000E+03 -4.50000E+02  2.11225E-02
  2.05000E+03 -4.50000E+02  8.13694E-03
  2.15000E+03 -4.50000E+02  8.34129E-03
  2.25000E+03 -4.50000E+02  1.72178E-02
  2.35000E+03 -4.50000E+02  6.23571E-03
  2.45000E+03 -4.50000E+02  1.39047E-02
  2.55000E+03 -4.50000E+02  1.24564E-02
  2.65000E+03 -4.50000E+02  1.37400E-02
  2.75000E+03 -4.50000E+02  1.58644E-02
  2.85000E+03 -4.50000E+02  1.62409E-02
  2.95000E+03 -4.50000E+02  1.02344E-02
  3.05000E+03 -4.50000E+02  5.57428E-03
  3.15000E+03 -4.50000E+02  8.91052E-03
  3.25000E+03 -4.50000E+02  7.27504E-03
  3.35000E+03 -4.50000E+02  1.05486E-02
  3.45000E+03 -4.50000E+02  1.37802E-02
  3.55000E+03 -4.50000E+02  2.09891E-02
  3.65000E+03 -4.50000E+02  2.59404E-02
  3.75000E+03 -4.50000E+02  1.96777E-02
  3.85000E+03 -4.50000E+02  1.39051E-02
  3.95000E+03 -4.50000E+02  7.21180E-03
  5.00000E+01 -5.50000E+02  8.31570E-03
  1.50000E+02 -5.50000E+02  1.33362E-02
  2.50000E+02 -5.50000E+02  1.53481E-02
  3.50000E+02 -5.50000E+02  1.53259E-02
  4.50000E+02 -5.50000E+02  1.36209E-02
  5.50000E+02 -5.50000E+02  1.17490E-02
  6.50000E+02 -5.50000E+02  7.97426E-03
  7.50000E+02 -5.50000E+02  8.31595E-03
  8.50000E+02 -5.50000E+02  1.24855E-02
  9.50000E+02 -5.50000E+02  1.25190E-02
  1.05000E+03 -5.50000E+02  1.22622E-02
  1.15000E+03 -5.50000E+02  1.26584E-02
  1.25000E+03 -5.50000E+02  1.56308E-02
  1.35000E+03 -5.50000E+02  1.89723E-02
  1.45000E+03 -5.50000E+02  9.88017E-03
  1.55000E+03 -5.50000E+02  1.83898E-02
  1.65000E+03 -5.50000E+02  1.05094E-02
  1.75000E+03 -5.50000E+02  9.35491E-03
  1.85000E+03 -5.50000E+02  1.01789E-02
  1.95000E+03 -5.50000E+02  1.49063E-02
  2.05000E+03 -5.50000E+02  6.94070E-03
  2.15000E+03 -5.50000E+02  7.65815E-03
  2.25000E+03 -5.50000E+02  1.16241E-02
  2.35000E+03 -5.50000E+02  7.70914E-03
  2.45000E+03 -5.50000E+02  1.65612E-02
  2.55000E+03 -5.50000E+02  1.46649E-02
  2.65000E+03 -5.50000E+02  1.63248E-02
  2.75000E+03 -5.50000E+02  1.77181E-02
  2.85000E+03 -5.50000E+02  2.19842E-02
  2.95000E+03 -5.50000E+02  1.25079E-02
  3.05000E+03 -5.50000E+02  6.27398E-03
  3.15000E+03 -5.50000E+02  6.52873E-03
  3.25000E+03 -5.50000E+02  6.46906E-03
  3.35000E+03 -5.50000E+02  9.69136E-03
  3.45000E+03 -5.50000E+02  1.39849E-02
  3.55000E+03 -5.50000E+02  2.11838E-02
  3.65000E+03 -5.50000E+02  2.54172E-02
  3.75000E+03 -5.50000E+02  2.23464E-02
  3.85000E+03 -5.50000E+02  1.38380E-02
  3.95000E+03 -5.50000E+02  6.98816E-03
  5.00000E+01 -6.50000E+02  9.90173E-03
  1.50000E+02 -6.50000E+02  1.61491E-02
  2.50000E+02 -6.50000E+02  1.56758E-02
  3.50000E+02 -6.50000E+02  1.60525E-02
  4.50000E+02 -6.50000E+02  1.69983E-02
  5.50000E+02 -6.50000E+02  1.14805E-02
  6.50000E+02 -6.50000E+02  5.76204E-03
  7.50000E+02 -6.50000E+02  5.95558E-03
  8.50000E+02 -6.50000E+02  1.06212E-02
  9.50000E+02 -6.50000E+02  1.21838E-02
  1.05000E+03 -6.50000E+02  1.56153E-02
  1.15000E+03 -6.50000E+02  1.36762E-02
  1.25000E+03 -6.50000E+02  1.53305E-02
  1.35000E+03 -6.50000E+02  1.61165E-02
  1.45000E+03 -6.50000E+02  1.27815E-02
  1.55000E+03 -6.50000E+02  2.00542E-02
  1.65000E+03 -6.50000E+02  8.51175E-03
  1.75000E+03 -6.50000E+02  7.88310E-03
  1.85000E+03 -6.50000E+02  9.54217E-03
  1.95000E+03 -6.50000E+02  1.31207E-02
  2.05000E+03 -6.50000E+02  1.15441E-02
  2.15000E+03 -6.50000E+02  9.36441E-03
  2.25000E+03 -6.50000E+02  9.88617E-03
  2.35000E+03 -6.50000E+02  1.06504E-02
  2.45000E+03 -6.50000E+02  1.60734E-02
  2.55000E+03 -6.50000E+02  1.78182E-02
  2.65000E+03 -6.50000E+02  1.40080E-02
  2.75000E+03 -6.50000E+02  1.89792E-02
  2.85000E+03 -6.50000E+02  2.52692E-02
  2.95000E+03 -6.50000E+02  1.39972E-02
  3.05000E+03 -6.50000E+02  6.56470E-03
  3.15000E+03 -6.50000E+02  4.74773E-03
  3.25000E+03 -6.50000E+02  7.03134E-03
  3.35000E+03 -6.50000E+02  8.72151E-03
  3.45000E+03 -6.50000E+02  1.58387E-02
  3.55000E+03 -6.50000E+02  2.10798E-02
  3.65000E+03 -6.50000E+02  2.29910E-02
  3.75000E+03 -6.50000E+02  2.14831E-02
  3.85000E+03 -6.50000E+02  1.51642E-02
  3.95000E+03 -6.50000E+02  7.25445E-03
  5.00000E+01 -7.50000E+02  1.02834E-02
  1.50000E+02 -7.50000E+02  1.18789E-02
  2.50000E+02 -7.50000E+02  1.40470E-02
  3.50000E+02 -7.50000E+02  1.53207E-02
  4.50000E+02 -7.50000E+02  1.86672E-02
  5.50000E+02 -7.50000E+02  1.09740E-02
  6.50000E+02 -7.50000E+02  4.93651E-03
  7.50000E+02 -7.50000E+02  5.03187E-03
  8.50000E+02 -7.50000E+02  7.09267E-03
  9.50000E+02 -7.50000E+02  1.06574E-02
  1.05000E+03 -7.50000E+02  1.92203E-02
  1.15000E+03 -7.50000E+02  1.74213E-02
  1.25000E+03 -7.50000E+02  1.64197E-02
  1.35000E+03 -7.50000E+02  1.58870E-02
  1.45000E+03 -7.50000E+02  1.41762E-02
  1.55000E+03 -7.50000E+02  2.05714E-02
  1.65000E+03 -7.50000E+02  8.41364E-03
  1.75000E+03 -7.50000E+02  5.27214E-03
  1.85000E+03 -7.50000E+02  7.07963E-03
  1.95000E+03 -7.50000E+02  1.37552E-02
  2.05000E+03 -7.50000E+02  9.78179E-03
  2.15000E+03 -7.50000E+02  1.22108E-02
  2.25000E+03 -7.50000E+02  1.41322E-02
  2.35000E+03 -7.50000E+02  1.45019E-02
  2.45000E+03 -7.50000E+02  1.94717E-02
  2.55000E+03 -7.50000E+02  1.46477E-02
  2.65000E+03 -7.50000E+02  1.60498E-02
  2.75000E+03 -7.50000E+02  1.75689E-02
  2.85000E+03 -7.50000E+02  2.38911E-02
  2.95000E+03 -7.50000E+02  1.82749E-02
  3.05000E+03 -7.50000E+02  6.48771E-03
  3.15000E+03 -7.50000E+02  2.72431E-03
  3.25000E+03 -7.50000E+02  7.11746E-03
  3.35000E+03 -7.50000E+02  1.08293E-02
  3.45000E+03 -7.50000E+02  1.64316E-02
  3.55000E+03 -7.50000E+02  2.24071E-02
  3.65000E+03 -7.50000E+02  2.29192E-02
  3.75000E+03 -7.50000E+02  2.06791E-02
  3.85000E+03 -7.50000E+02  1.31028E-02
  3.95000E+03 -7.50000E+02  7.47064E-03
  5.00000E+01 -8.50000E+02  1.17188E-02
  1.50000E+02 -8.50000E+02  1.09962E-02
  2.50000E+02 -8.50000E+02  1.27366E-02
  3.50000E+02 -8.50000E+02  1.50261E-02
  4.50000E+02 -8.50000E+02  1.44397E-02
  5.50000E+02 -8.50000E+02  1.06854E-02
  6.50000E+02 -8.50000E+02  4.57418E-03
  7.50000E+02 -8.50000E+02  3.06788E-03
  8.50000E+02 -8.50000E+02  6.53813E-03
  9.50000E+02 -8.50000E+02  8.57090E-03
  1.05000E+03 -8.50000E+02  1.81974E-02
  1.15000E+03 -8.50000E+02  1.87449E-02
  1.25000E+03 -8.50000E+02  1.78079E-02
  1.35000E+03 -8.50000E+02  1.78677E-02
  1.45000E+03 -8.50000E+02  1.83287E-02
  1.55000E+03 -8.50000E+02  2.13427E-02
  1.65000E+03 -8.50000E+02  8.54105E-03
  1.75000E+03 -8.50000E+02  6.16957E-03
  1.85000E+03 -8.50000E+02  4.86331E-03
  1.95000E+03 -8.50000E+02  1.44422E-02
  2.05000E+03 -8.50000E+02  1.09409E-02
  2.15000E+03 -8.50000E+02  1.20812E-02
  2.25000E+03 -8.50000E+02  1.24316E-02
  2.35000E+03 -8.50000E+02  1.48936E-02
  2.45000E+03 -8.50000E+02  1.42135E-02
  2.55000E+03 -8.50000E+02  1.99629E-02
  2.65000E+03 -8.50000E+02  1.79685E-02
  2.75000E+03 -8.50000E+02  1.73885E-02
  2.85000E+03 -8.50000E+02  2.33982E-02
  2.95000E+03 -8.50000E+02  1.69341E-02
  3.05000E+03 -8.50000E+02  5.25021E-03
  3.15000E+03 -8.50000E+02  2.80239E-03
  3.25000E+03 -8.50000E+02  6.54770E-03
  3.35000E+03 -8.50000E+02  1.29809E-02
  3.45000E+03 -8.50000E+02  1.82225E-02
  3.55000E+03 -8.50000E+02  2.15675E-02
  3.65000E+03 -8.50000E+02  2.09366E-02
  3.75000E+03 -8.50000E+02  1.88761E-02
  3.85000E+03 -8.50000E+02  1.35500E-02
  3.95000E+03 -8.50000E+02  8.43537E-03
  5.00000E+01 -9.50000E+02  8.69096E-03
  1.50000E+02 -9.50000E+02  6.53148E-03
  2.50000E+02 -9.50000E+02  7.03918E-03
  3.50000E+02 -9.50000E+02  1.00157E-02
  4.50000E+02 -9.50000E+02  1.15059E-02
  5.50000E+02 -9.50000E+02  9.83034E-03
  6.50000E+02 -9.50000E+02  5.12385E-03
  7.50000E+02 -9.50000E+02  4.30779E-03
  8.50000E+02 -9.50000E+02  5.81320E-03
  9.50000E+02 -9.50000E+02  9.69462E-03
  1.05000E+03 -9.50000E+02  1.22540E-02
  1.15000E+03 -9.50000E+02  1.84805E-02
  1.25000E+03 -9.50000E+02  1.70375E-02
  1.35000E+03 -9.50000E+02  1.73872E-02
  1.45000E+03 -9.50000E+02  2.01979E-02
  1.55000E+03 -9.50000E+02  1.77919E-02
  1.65000E+03 -9.50000E+02  1.08433E-02
  1.75000E+03 -9.50000E+02  1.03895E-02
  1.85000E+03 -9.50000E+02  3.38476E-03
  1.95000E+03 -9.50000E+02  9.11192E-03
  2.05000E+03 -9.50000E+02  9.63827E-03
  2.15000E+03 -9.50000E+02  9.76069E-03
  2.25000E+03 -9.50000E+02  9.45620E-03
  2.35000E+03 -9.50000E+02  1.40959E-02
  2.45000E+03 -9.50000E+02  1.86398E-02
  2.55000E+03 -9.50000E+02  2.91890E-02
  2.65000E+03 -9.50000E+02  2.27775E-02
  2.75000E+03 -9.50000E+02  1.94080E-02
  2.85000E+03 -9.50000E+02  1.97460E-02
  2.95000E+03 -9.50000E+02  1.09603E-02
  3.05000E+03 -9.50000E+02  4.69417E-03
  3.15000E+03 -9.50000E+02  5.13015E-03
  3.25000E+03 -9.50000E+02  1.01461E-02
  3.35000E+03 -9.50000E+02  1.54922E-02
  3.45000E+03 -9.50000E+02  1.88856E-02
  3.55000E+03 -9.50000E+02  2.02266E-02
  3.65000E+03 -9.50000E+02  1.85671E-02
  3.75000E+03 -9.50000E+02  1.85800E-02
  3.85000E+03 -9.50000E+02  1.23438E-02
  3.95000E+03 -9.50000E+02  8.47767E-03
  5.00000E+01 -1.05000E+03  6.39294E-03
  1.50000E+02 -1.05000E+03  4.22699E-03
  2.50000E+02 -1.05000E+03  4.30206E-03
  3.50000E+02 -1.05000E+03  5.78585E-03
  4.50000E+02 -1.05000E+03  8.29722E-03
  5.50000E+02 -1.05000E+03  8.67673E-03
  6.50000E+02 -1.05000E+03  8.14549E-03
  7.50000E+02 -1.05000E+03  7.91923E-03
  8.50000E+02 -1.05000E+03  6.40267E-03
  9.50000E+02 -1.05000E+03  7.50282E-03
  1.05000E+03 -1.05000E+03  1.12392E-02
  1.15000E+03 -1.05000E+03  1.54748E-02
  1.25000E+03 -1.05000E+03  1.26640E-02
  1.35000E+03 -1.05000E+03  1.44856E-02
  1.45000E+03 -1.05000E+03  1.84827E-02
  1.55000E+03 -1.05000E+03  1.79298E-02
  1.65000E+03 -1.05000E+03  1.50776E-02
  1.75000E+03 -1.05000E+03  1.80971E-02
  1.85000E+03 -1.05000E+03  4.66501E-03
  1.95000E+03 -1.05000E+03  6.09659E-03
  2.05000E+03 -1.05000E+03  8.84759E-03
  2.15000E+03 -1.05000E+03  1.33820E-02
  2.25000E+03 -1.05000E+03  1.03728E-02
  2.35000E+03 -1.05000E+03  8.56694E-03
  2.45000E+03 -1.05000E+03  1.96133E-02
  2.55000E+03 -1.05000E+03  3.61159E-02
  2.65000E+03 -1.05000E+03  2.63889E-02
  2.75000E+03 -1.05000E+03  1.70943E-02
  2.85000E+03 -1.05000E+03  1.18710E-02
  2.95000E+03 -1.05000E+03  7.24661E-03
  3.05000E+03 -1.05000E+03  6.83944E-03
  3.15000E+03 -1.05000E+03  9.39018E-03
  3.25000E+03 -1.05000E+03  1.29044E-02
  3.35000E+03 -1.05000E+03  1.58697E-02
  3.45000E+03 -1.05000E+03  1.74783E-02
  3.55000E+03 -1.05000E+03  1.82022E-02
  3.65000E+03 -1.05000E+03  1.45398E-02
  3.75000E+03 -1.05000E+03  1.52449E-02
  3.85000E+03 -1.05000E+03  1.19314E-02
  3.95000E+03 -1.05000E+03  9.28483E-03
  5.00000E+01 -1.15000E+03  5.84945E-03
  1.50000E+02 -1.15000E+03  4.77988E-03
  2.50000E+02 -1.15000E+03  3.99101E-03
  3.50000E+02 -1.15000E+03  3.86723E-03
  4.50000E+02 -1.15000E+03  7.58368E-03
  5.50000E+02 -1.15000E+03  9.75417E-03
  6.50000E+02 -1.15000E+03  1.07654E-02
  7.50000E+02 -1.15000E+03  1.09243E-02
  8.50000E+02 -1.15000E+03  9.83351E-03
  9.50000E+02 -1.15000E+03  9.31632E-03
  1.05000E+03 -1.15000E+03  1.41546E-02
  1.15000E+03 -1.15000E+03  1.76147E-02
  1.25000E+03 -1.15000E+03  1.46074E-02
  1.35000E+03 -1.15000E+03  9.35308E-03
  1.45000E+03 -1.15000E+03  1.60857E-02
  1.55000E+03 -1.15000E+03  1.60926E-02
  1.65000E+03 -1.15000E+03  1.67129E-02
  1.75000E+03 -1.15000E+03  1.94439E-02
  1.85000E+03 -1.15000E+03  8.16647E-03
  1.95000E+03 -1.15000E+03  6.55159E-03
  2.05000E+03 -1.15000E+03  1.18376E-02
  2.15000E+03 -1.15000E+03  1.66407E-02
  2.25000E+03 -1.15000E+03  7.45016E-03
  2.35000E+03 -1.15000E+03  7.63764E-03
  2.45000E+03 -1.15000E+03  1.35211E-02
  2.55000E+03 -1.15000E+03  2.53129E-02
  2.65000E+03 -1.15000E+03  2.28033E-02
  2.75000E+03 -1.15000E+03  1.64835E-02
  2.85000E+03 -1.15000E+03  1.16564E-02
  2.95000E+03 -1.15000E+03  7.70641E-03
  3.05000E+03 -1.15000E+03  1.05252E-02
  3.15000E+03 -1.15000E+03  1.33535E-02
  3.25000E+03 -1.15000E+03  1.43274E-02
  3.35000E+03 -1.15000E+03  1.50085E-02
  3.45000E+03 -1.15000E+03  1.56021E-02
  3.55000E+03 -1.15000E+03  1.35596E-02
  3.65000E+03 -1.15000E+03  1.45491E-02
  3.75000E+03 -1.15000E+03  1.19728E-02
  3.85000E+03 -1.15000E+03  1.03173E-02
  3.95000E+03 -1.15000E+03  1.26649E-02
  5.00000E+01 -1.25000E+03  6.72572E-03
  1.50000E+02 -1.25000E+03  4.76813E-03
  2.50000E+02 -1.25000E+03  4.52516E-03
  3.50000E+02 -1.25000E+03  9.17109E-03
  4.50000E+02 -1.25000E+03  1.06373E-02
  5.50000E+02 -1.25000E+03  1.32471E-02
  6.50000E+02 -1.25000E+03  1.32616E-02
  7.50000E+02 -1.25000E+03  1.39369E-02
  8.50000E+02 -1.25000E+03  1.14842E-02
  9.50000E+02 -1.25000E+03  1.03176E-02
  1.05000E+03 -1.25000E+03  1.31152E-02
  1.15000E+03 -1.25000E+03  2.10753E-02
  1.25000E+03 -1.25000E+03  1.70161E-02
  1.35000E+03 -1.25000E+03  1.06042E-02
  1.45000E+03 -1.25000E+03  1.47840E-02
  1.55000E+03 -1.25000E+03  1.29317E-02
  1.65000E+03 -1.25000E+03  1.18254E-02
  1.75000E+03 -1.25000E+03  1.73679E-02
  1.85000E+03 -1.25000E+03  1.10468E-02
  1.95000E+03 -1.25000E+03  9.39941E-03
  2.05000E+03 -1.25000E+03  9.84049E-03
  2.15000E+03 -1.25000E+03  1.47514E-02
  2.25000E+03 -1.25000E+03  6.01541E-03
  2.35000E+03 -1.25000E+03  6.16205E-03
  2.45000E+03 -1.25000E+03  8.43181E-03
  2.55000E+03 -1.25000E+03  1.57537E-02
  2.65000E+03 -1.25000E+03  1.89772E-02
  2.75000E+03 -1.25000E+03  1.53839E-02
  2.85000E+03 -1.25000E+03  1.21232E-02
  2.95000E+03 -1.25000E+03  8.40518E-03
  3.05000E+03 -1.25000E+03  1.17995E-02
  3.15000E+03 -1.25000E+03  1.48197E-02
  3.25000E+03 -1.25000E+03  1.55636E-02
  3.35000E+03 -1.25000E+03  1.59453E-02
  3.45000E+03 -1.25000E+03  1.62693E-02
  3.55000E+03 -1.25000E+03  1.28666E-02
  3.65000E+03 -1.25000E+03  1.29252E-02
  3.75000E+03 -1.25000E+03  1.21524E-02
  3.85000E+03 -1.25000E+03  1.00286E-02
  3.95000E+03 -1.25000E+03  1.14259E-02
  5.00000E+01 -1.35000E+03  7.84871E-03
  1.50000E+02 -1.35000E+03  6.07106E-03
  2.50000E+02 -1.35000E+03  1.01900E-02
  3.50000E+02 -1.35000E+03  1.30976E-02
  4.50000E+02 -1.35000E+03  1.51086E-02
  5.50000E+02 -1.35000E+03  1.62470E-02
  6.50000E+02 -1.35000E+03  1.58344E-02
  7.50000E+02 -1.35000E+03  1.27405E-02
  8.50000E+02 -1.35000E+03  1.24649E-02
  9.50000E+02 -1.35000E+03  1.04480E-02
  1.05000E+03 -1.35000E+03  1.48484E-02
  1.15000E+03 -1.35000E+03  2.78465E-02
  1.25000E+03 -1.35000E+03  2.19942E-02
  1.35000E+03 -1.35000E+03  1.60669E-02
  1.45000E+03 -1.35000E+03  2.63479E-02
  1.55000E+03 -1.35000E+03  1.48593E-02
  1.65000E+03 -1.35000E+03  1.53430E-02
  1.75000E+03 -1.35000E+03  1.87449E-02
  1.85000E+03 -1.35000E+03  1.63502E-02
  1.95000E+03 -1.35000E+03  1.63665E-02
  2.05000E+03 -1.35000E+03  9.26355E-03
  2.15000E+03 -1.35000E+03  8.04259E-03
  2.25000E+03 -1.35000E+03  6.23249E-03
  2.35000E+03 -1.35000E+03  1.22465E-02
  2.45000E+03 -1.35000E+03  1.11196E-02
  2.55000E+03 -1.35000E+03  9.74508E-03
  2.65000E+03 -1.35000E+03  1.57293E-02
  2.75000E+03 -1.35000E+03  1.57790E-02
  2.85000E+03 -1.35000E+03  1.16901E-02
  2.95000E+03 -1.35000E+03  8.30872E-03
  3.05000E+03 -1.35000E+03  1.05910E-02
  3.15000E+03 -1.35000E+03  1.32927E-02
  3.25000E+03 -1.35000E+03  1.33498E-02
  3.35000E+03 -1.35000E+03  1.89664E-02
  3.45000E+03 -1.35000E+03  1.62619E-02
  3.55000E+03 -1.35000E+03  1.45864E-02
  3.65000E+03 -1.35000E+03  1.35660E-02
  3.75000E+03 -1.35000E+03  1.44274E-02
  3.85000E+03 -1.35000E+03  1.02340E-02
  3.95000E+03 -1.35000E+03  1.00214E-02
  5.00000E+01 -1.45000E+03  9.10077E-03
  1.50000E+02 -1.45000E+03  7.29492E-03
  2.50000E+02 -1.45000E+03  1.29591E-02
  3.50000E+02 -1.45000E+03  2.02315E-02
  4.50000E+02 -1.45000E+03  2.06534E-02
  5.50000E+02 -1.45000E+03  1.99012E-02
  6.50000E+02 -1.45000E+03  1.69576E-02
  7.50000E+02 -1.45000E+03  1.35567E-02
  8.50000E+02 -1.45000E+03  1.16079E-02
  9.50000E+02 -1.45000E+03  1.07197E-02
  1.05000E+03 -1.45000E+03  2.08001E-02
  1.15000E+03 -1.45000E+03  3.16020E-02
  1.25000E+03 -1.45000E+03  2.53791E-02
  1.35000E+03 -1.45000E+03  2.17257E-02
  1.45000E+03 -1.45000E+03  2.51133E-02
  1.55000E+03 -1.45000E+03  2.18358E-02
  1.65000E+03 -1.45000E+03  2.51646E-02
  1.75000E+03 -1.45000E+03  2.75098E-02
  1.85000E+03 -1.45000E+03  2.65868E-02
  1.95000E+03 -1.45000E+03  2.14917E-02
  2.05000E+03 -1.45000E+03  8.26516E-03
  2.15000E+03 -1.45000E+03  6.98052E-03
  2.25000E+03 -1.45000E+03  1.06968E-02
  2.35000E+03 -1.45000E+03  2.02706E-02
  2.45000E+03 -1.45000E+03  1.68639E-02
  2.55000E+03 -1.45000E+03  1.33437E-02
  2.65000E+03 -1.45000E+03  1.89549E-02
  2.75000E+03 -1.45000E+03  2.12331E-02
  2.85000E+03 -1.45000E+03  1.58286E-02
  2.95000E+03 -1.45000E+03  1.08156E-02
  3.05000E+03 -1.45000E+03  6.75571E-03
  3.15000E+03 -1.45000E+03  9.16810E-03
  3.25000E+03 -1.45000E+03  1.40865E-02
  3.35000E+03 -1.45000E+03  1.93369E-02
  3.45000E+03 -1.45000E+03  1.87131E-02
  3.55000E+03 -1.45000E+03  1.83715E-02
  3.65000E+03 -1.45000E+03  1.73139E-02
  3.75000E+03 -1.45000E+03  1.32639E-02
  3.85000E+03 -1.45000E+03  1.28240E-02
  3.95000E+03 -1.45000E+03  1.14347E-02
  5.00000E+01 -1.55000E+03  1.00547E-02
  1.50000E+02 -1.55000E+03  1.00849E-02
  2.50000E+02 -1.55000E+03  1.74460E-02
  3.50000E+02 -1.55000E+03  2.14688E-02
  4.50000E+02 -1.55000E+03  2.34758E-02
  5.50000E+02 -1.55000E+03  1.93382E-02
  6.50000E+02 -1.55000E+03  1.88367E-02
  7.50000E+02 -1.55000E+03  1.80426E-02
  8.50000E+02 -1.55000E+03  1.21046E-02
  9.50000E+02 -1.55000E+03  1.32371E-02
  1.05000E+03 -1.55000E+03  2.03127E-02
  1.15000E+03 -1.55000E+03  3.06804E-02
  1.25000E+03 -1.55000E+03  2.16571E-02
  1.35000E+03 -1.55000E+03  1.79216E-02
  1.45000E+03 -1.55000E+03  2.30916E-02
  1.55000E+03 -1.55000E+03  2.87001E-02
  1.65000E+03 -1.55000E+03  3.43755E-02
  1.75000E+03 -1.55000E+03  3.48334E-02
  1.85000E+03 -1.55000E+03  3.18285E-02
  1.95000E+03 -1.55000E+03  2.53048E-02
  2.05000E+03 -1.55000E+03  1.13366E-02
  2.15000E+03 -1.55000E+03  1.20142E-02
  2.25000E+03 -1.55000E+03  1.78195E-02
  2.35000E+03 -1.55000E+03  2.43397E-02
  2.45000E+03 -1.55000E+03  2.13334E-02
  2.55000E+03 -1.55000E+03  1.63007E-02
  2.65000E+03 -1.55000E+03  2.59234E-02
  2.75000E+03 -1.55000E+03  2.91144E-02
  2.85000E+03 -1.55000E+03  2.22931E-02
  2.95000E+03 -1.55000E+03  1.19029E-02
  3.05000E+03 -1.55000E+03  5.87317E-03
  3.15000E+03 -1.55000E+03  7.70987E-03
  3.25000E+03 -1.55000E+03  1.44499E-02
  3.35000E+03 -1.55000E+03  1.67697E-02
  3.45000E+03 -1.55000E+03  1.90689E-02
  3.55000E+03 -1.55000E+03  2.01502E-02
  3.65000E+03 -1.55000E+03  1.86463E-02
  3.75000E+03 -1.55000E+03  1.38319E-02
  3.85000E+03 -1.55000E+03  1.25465E-02
  3.95000E+03 -1.55000E+03  1.33737E-02
  5.00000E+01 -1.65000E+03  1.10090E-02
  1.50000E+02 -1.65000E+03  1.09805E-02
  2.50000E+02 -1.65000E+03  1.56311E-02
  3.50000E+02 -1.65000E+03  1.96062E-02
  4.50000E+02 -1.65000E+03  2.34987E-02
  5.50000E+02 -1.65000E+03  2.10631E-02
  6.50000E+02 -1.65000E+03  2.24123E-02
  7.50000E+02 -1.65000E+03  2.16393E-02
  8.50000E+02 -1.65000E+03  1.87157E-02
  9.50000E+02 -1.65000E+03  1.82478E-02
  1.05000E+03 -1.65000E+03  2.30721E-02
  1.15000E+03 -1.65000E+03  2.43816E-02
  1.25000E+03 -1.65000E+03  1.57269E-02
  1.35000E+03 -1.65000E+03  1.43717E-02
  1.45000E+03 -1.65000E+03  2.13207E-02
  1.55000E+03 -1.65000E+03  2.94926E-02
  1.65000E+03 -1.65000E+03  3.83896E-02
  1.75000E+03 -1.65000E+03  3.26195E-02
  1.85000E+03 -1.65000E+03  2.99166E-02
  1.95000E+03 -1.65000E+03  2.52109E-02
  2.05000E+03 -1.65000E+03  1.51451E-02
  2.15000E+03 -1.65000E+03  1.67449E-02
  2.25000E+03 -1.65000E+03  2.04600E-02
  2.35000E+03 -1.65000E+03  2.37818E-02
  2.45000E+03 -1.65000E+03  2.24184E-02
  2.55000E+03 -1.65000E+03  1.84269E-02
  2.65000E+03 -1.65000E+03  3.03958E-02
  2.75000E+03 -1.65000E+03  3.98876E-02
  2.85000E+03 -1.65000E+03  3.00607E-02
  2.95000E+03 -1.65000E+03  2.06975E-02
  3.05000E+03 -1.65000E+03  1.16469E-02
  3.15000E+03 -1.65000E+03  9.15151E-03
  3.25000E+03 -1.65000E+03  1.29161E-02
  3.35000E+03 -1.65000E+03  1.69958E-02
  3.45000E+03 -1.65000E+03  2.20330E-02
  3.55000E+03 -1.65000E+03  2.25356E-02
  3.65000E+03 -1.65000E+03  1.59214E-02
  3.75000E+03 -1.65000E+03  1.31485E-02
  3.85000E+03 -1.65000E+03  1.15803E-02
  3.95000E+03 -1.65000E+03  1.42470E-02
  5.00000E+01 -1.75000E+03  1.24618E-02
  1.50000E+02 -1.75000E+03  1.11122E-02
  2.50000E+02 -1.75000E+03  1.23938E-02
  3.50000E+02 -1.75000E+03  1.60800E-02
  4.50000E+02 -1.75000E+03  1.96366E-02
  5.50000E+02 -1.75000E+03  2.12640E-02
  6.50000E+02 -1.75000E+03  2.45436E-02
  7.50000E+02 -1.75000E+03  2.32698E-02
  8.50000E+02 -1.75000E+03  2.16036E-02
  9.50000E+02 -1.75000E+03  2.30832E-02
  1.05000E+03 -1.75000E+03  2.43646E-02
  1.15000E+03 -1.75000E+03  2.38533E-02
  1.25000E+03 -1.75000E+03  1.78035E-02
  1.35000E+03 -1.75000E+03  1.40411E-02
  1.45000E+03 -1.75000E+03  1.72100E-02
  1.55000E+03 -1.75000E+03  2.66267E-02
  1.65000E+03 -1.75000E+03  3.58836E-02
  1.75000E+03 -1.75000E+03  2.96296E-02
  1.85000E+03 -1.75000E+03  2.50628E-02
  1.95000E+03 -1.75000E+03  2.29764E-02
  2.05000E+03 -1.75000E+03  1.66673E-02
  2.15000E+03 -1.75000E+03  1.79724E-02
  2.25000E+03 -1.75000E+03  2.13221E-02
  2.35000E+03 -1.75000E+03  2.20326E-02
  2.45000E+03 -1.75000E+03  1.91081E-02
  2.55000E+03 -1.75000E+03  1.84770E-02
  2.65000E+03 -1.75000E+03  3.71452E-02
  2.75000E+03 -1.75000E+03  5.33026E-02
  2.85000E+03 -1.75000E+03  5.19442E-02
  2.95000E+03 -1.75000E+03  3.57831E-02
  3.05000E+03 -1.75000E+03  2.21448E-02
  3.15000E+03 -1.75000E+03  1.43727E-02
  3.25000E+03 -1.75000E+03  1.36894E-02
  3.35000E+03 -1.75000E+03  1.60664E-02
  3.45000E+03 -1.75000E+03  1.84000E-02
  3.55000E+03 -1.75000E+03  2.16593E-02
  3.65000E+03 -1.75000E+03  1.36839E-02
  3.75000E+03 -1.75000E+03  1.02793E-02
  3.85000E+03 -1.75000E+03  1.05072E-02
  3.95000E+03 -1.75000E+03  1.60055E-02
  5.00000E+01 -1.85000E+03  1.20410E-02
  1.50000E+02 -1.85000E+03  7.33042E-03
  2.50000E+02 -1.85000E+03  8.76720E-03
  3.50000E+02 -1.85000E+03  1.10390E-02
  4.50000E+02 -1.85000E+03  1.76990E-02
  5.50000E+02 -1.85000E+03  2.12169E-02
  6.50000E+02 -1.85000E+03  2.28190E-02
  7.50000E+02 -1.85000E+03  2.26065E-02
  8.50000E+02 -1.85000E+03  2.05634E-02
  9.50000E+02 -1.85000E+03  2.59486E-02
  1.05000E+03 -1.85000E+03  2.69687E-02
  1.15000E+03 -1.85000E+03  2.46779E-02
  1.25000E+03 -1.85000E+03  2.04033E-02
  1.35000E+03 -1.85000E+03  1.68384E-02
  1.45000E+03 -1.85000E+03  2.00052E-02
  1.55000E+03 -1.85000E+03  2.84943E-02
  1.65000E+03 -1.85000E+03  3.34452E-02
  1.75000E+03 -1.85000E+03  2.45542E-02
  1.85000E+03 -1.85000E+03  1.78244E-02
  1.95000E+03 -1.85000E+03  1.72185E-02
  2.05000E+03 -1.85000E+03  1.69333E-02
  2.15000E+03 -1.85000E+03  2.10610E-02
  2.25000E+03 -1.85000E+03  2.32600E-02
  2.35000E+03 -1.85000E+03  1.93613E-02
  2.45000E+03 -1.85000E+03  1.74893E-02
  2.55000E+03 -1.85000E+03  1.75854E-02
  2.65000E+03 -1.85000E+03  3.86037E-02
  2.75000E+03 -1.85000E+03  6.05259E-02
  2.85000E+03 -1.85000E+03  6.60856E-02
  2.95000E+03 -1.85000E+03  4.93106E-02
  3.05000E+03 -1.85000E+03  3.38529E-02
  3.15000E+03 -1.85000E+03  2.02791E-02
  3.25000E+03 -1.85000E+03  1.55446E-02
  3.35000E+03 -1.85000E+03  9.94809E-03
  3.45000E+03 -1.85000E+03  1.52614E-02
  3.55000E+03 -1.85000E+03  1.89660E-02
  3.65000E+03 -1.85000E+03  1.36424E-02
  3.75000E+03 -1.85000E+03  7.96511E-03
  3.85000E+03 -1.85000E+03  7.20625E-03
  3.95000E+03 -1.85000E+03  1.80242E-02
  5.00000E+01 -1.95000E+03  8.80150E-03
  1.50000E+02 -1.95000E+03  4.68623E-03
  2.50000E+02 -1.95000E+03  5.02206E-03
  3.50000E+02 -1.95000E+03  9.24271E-03
  4.50000E+02 -1.95000E+03  1.43164E-02
  5.50000E+02 -1.95000E+03  1.87995E-02
  6.50000E+02 -1.95000E+03  2.05672E-02
  7.50000E+02 -1.95000E+03  2.03068E-02
  8.50000E+02 -1.95000E+03  2.02968E-02
  9.50000E+02 -1.95000E+03  2.40799E-02
  1.05000E+03 -1.95000E+03  2.46147E-02
  1.15000E+03 -1.95000E+03  2.58062E-02
  1.25000E+03 -1.95000E+03  2.35588E-02
  1.35000E+03 -1.95000E+03  2.01509E-02
  1.45000E+03 -1.95000E+03  2.28710E-02
  1.55000E+03 -1.95000E+03  2.99443E-02
  1.65000E+03 -1.95000E+03  3.41037E-02
  1.75000E+03 -1.95000E+03  2.01674E-02
  1.85000E+03 -1.95000E+03  1.56956E-02
  1.95000E+03 -1.95000E+03  1.83296E-02
  2.05000E+03 -1.95000E+03  2.12429E-02
  2.15000E+03 -1.95000E+03  2.36171E-02
  2.25000E+03 -1.95000E+03  2.21168E-02
  2.35000E+03 -1.95000E+03  2.10573E-02
  2.45000E+03 -1.95000E+03  1.89293E-02
  2.55000E+03 -1.95000E+03  1.84629E-02
  2.65000E+03 -1.95000E+03  3.38426E-02
  2.75000E+03 -1.95000E+03  6.33603E-02
  2.85000E+03 -1.95000E+03  7.14406E-02
  2.95000E+03 -1.95000E+03  5.87812E-02
  3.05000E+03 -1.95000E+03  4.19900E-02
  3.15000E+03 -1.95000E+03  2.52014E-02
  3.25000E+03 -1.95000E+03  1.53407E-02
  3.35000E+03 -1.95000E+03  9.36474E-03
  3.45000E+03 -1.95000E+03  1.26501E-02
  3.55000E+03 -1.95000E+03  1.31949E-02
  3.65000E+03 -1.95000E+03  1.17951E-02
  3.75000E+03 -1.95000E+03  6.15055E-03
  3.85000E+03 -1.95000E+03  6.42265E-03
  3.95000E+03 -1.95000E+03  1.16516E-02
  5.00000E+01 -2.05000E+03  5.48577E-03
  1.50000E+02 -2.05000E+03  3.41063E-03
  2.50000E+02 -2.05000E+03  3.48475E-03
  3.50000E+02 -2.05000E+03  6.01640E-03
  4.50000E+02 -2.05000E+03  1.52780E-02
  5.50000E+02 -2.05000E+03  1.54770E-02
  6.50000E+02 -2.05000E+03  1.59095E-02
  7.50000E+02 -2.05000E+03  1.60249E-02
  8.50000E+02 -2.05000E+03  1.62464E-02
  9.50000E+02 -2.05000E+03  1.98527E-02
  1.05000E+03 -2.05000E+03  2.11593E-02
  1.15000E+03 -2.05000E+03  2.71607E-02
  1.25000E+03 -2.05000E+03  2.19978E-02
  1.35000E+03 -2.05000E+03  2.22946E-02
  1.45000E+03 -2.05000E+03  2.61867E-02
  1.55000E+03 -2.05000E+03  3.17077E-02
  1.65000E+03 -2.05000E+03  3.13967E-02
  1.75000E+03 -2.05000E+03  2.04129E-02
  1.85000E+03 -2.05000E+03  1.73735E-02
  1.95000E+03 -2.05000E+03  2.14326E-02
  2.05000E+03 -2.05000E+03  2.72760E-02
  2.15000E+03 -2.05000E+03  2.61098E-02
  2.25000E+03 -2.05000E+03  2.18071E-02
  2.35000E+03 -2.05000E+03  1.96901E-02
  2.45000E+03 -2.05000E+03  1.85308E-02
  2.55000E+03 -2.05000E+03  2.03954E-02
  2.65000E+03 -2.05000E+03  3.15196E-02
  2.75000E+03 -2.05000E+03  5.65962E-02
  2.85000E+03 -2.05000E+03  7.28328E-02
  2.95000E+03 -2.05000E+03  6.31691E-02
  3.05000E+03 -2.05000E+03  4.62630E-02
  3.15000E+03 -2.05000E+03  2.85670E-02
  3.25000E+03 -2.05000E+03  1.55676E-02
  3.35000E+03 -2.05000E+03  6.68407E-03
  3.45000E+03 -2.05000E+03  6.08359E-03
  3.55000E+03 -2.05000E+03  9.65523E-03
  3.65000E+03 -2.05000E+03  8.57642E-03
  3.75000E+03 -2.05000E+03  5.70604E-03
  3.85000E+03 -2.05000E+03  7.08359E-03
  3.95000E+03 -2.05000E+03  8.74651E-03
  5.00000E+01 -2.15000E+03  4.20216E-03
  1.50000E+02 -2.15000E+03  4.62164E-03
  2.50000E+02 -2.15000E+03  2.41883E-03
  3.50000E+02 -2.15000E+03  8.38027E-03
  4.50000E+02 -2.15000E+03  1.35211E-02
  5.50000E+02 -2.15000E+03  1.15813E-02
  6.50000E+02 -2.15000E+03  9.66651E-03
  7.50000E+02 -2.15000E+03  1.00139E-02
  8.50000E+02 -2.15000E+03  1.21604E-02
  9.50000E+02 -2.15000E+03  1.85630E-02
  1.05000E+03 -2.15000E+03  1.87534E-02
  1.15000E+03 -2.15000E+03  2.07524E-02
  1.25000E+03 -2.15000E+03  2.10168E-02
  1.35000E+03 -2.15000E+03  2.19914E-02
  1.45000E+03 -2.15000E+03  2.62213E-02
  1.55000E+03 -2.15000E+03  2.96778E-02
  1.65000E+03 -2.15000E+03  2.68805E-02
  1.75000E+03 -2.15000E+03  1.83393E-02
  1.85000E+03 -2.15000E+03  1.82544E-02
  1.95000E+03 -2.15000E+03  2.39073E-02
  2.05000E+03 -2.15000E+03  2.76352E-02
  2.15000E+03 -2.15000E+03  2.79896E-02
  2.25000E+03 -2.15000E+03  2.36834E-02
  2.35000E+03 -2.15000E+03  1.85362E-02
  2.45000E+03 -2.15000E+03  1.86504E-02
  2.55000E+03 -2.15000E+03  1.84871E-02
  2.65000E+03 -2.15000E+03  2.67274E-02
  2.75000E+03 -2.15000E+03  4.68739E-02
  2.85000E+03 -2.15000E+03  6.80698E-02
  2.95000E+03 -2.15000E+03  6.36626E-02
  3.05000E+03 -2.15000E+03  4.63512E-02
  3.15000E+03 -2.15000E+03  2.83215E-02
  3.25000E+03 -2.15000E+03  1.63749E-02
  3.35000E+03 -2.15000E+03  6.20698E-03
  3.45000E+03 -2.15000E+03  4.35428E-03
  3.55000E+03 -2.15000E+03  7.57091E-03
  3.65000E+03 -2.15000E+03  6.60879E-03
  3.75000E+03 -2.15000E+03  5.55272E-03
  3.85000E+03 -2.15000E+03  8.34993E-03
  3.95000E+03 -2.15000E+03  8.92002E-03
  5.00000E+01 -2.25000E+03  5.41570E-03
  1.50000E+02 -2.25000E+03  7.17659E-03
  2.50000E+02 -2.25000E+03  4.49284E-03
  3.50000E+02 -2.25000E+03  1.38561E-02
  4.50000E+02 -2.25000E+03  1.05617E-02
  5.50000E+02 -2.25000E+03  8.94936E-03
  6.50000E+02 -2.25000E+03  6.36389E-03
  7.50000E+02 -2.25000E+03  7.09354E-03
  8.50000E+02 -2.25000E+03  1.00172E-02
  9.50000E+02 -2.25000E+03  1.20561E-02
  1.05000E+03 -2.25000E+03  1.42414E-02
  1.15000E+03 -2.25000E+03  1.40733E-02
  1.25000E+03 -2.25000E+03  1.89881E-02
  1.35000E+03 -2.25000E+03  2.15650E-02
  1.45000E+03 -2.25000E+03  2.39198E-02
  1.55000E+03 -2.25000E+03  2.67866E-02
  1.65000E+03 -2.25000E+03  2.10310E-02
  1.75000E+03 -2.25000E+03  1.58867E-02
  1.85000E+03 -2.25000E+03  1.78413E-02
  1.95000E+03 -2.25000E+03  2.20759E-02
  2.05000E+03 -2.25000E+03  2.59280E-02
  2.15000E+03 -2.25000E+03  2.59433E-02
  2.25000E+03 -2.25000E+03  2.20457E-02
  2.35000E+03 -2.25000E+03  1.60486E-02
  2.45000E+03 -2.25000E+03  1.64634E-02
  2.55000E+03 -2.25000E+03  1.61893E-02
  2.65000E+03 -2.25000E+03  2.13426E-02
  2.75000E+03 -2.25000E+03  3.54636E-02
  2.85000E+03 -2.25000E+03  5.42628E-02
  2.95000E+03 -2.25000E+03  5.69010E-02
  3.05000E+03 -2.25000E+03  4.19271E-02
  3.15000E+03 -2.25000E+03  3.04358E-02
  3.25000E+03 -2.25000E+03  1.61896E-02
  3.35000E+03 -2.25000E+03  6.57490E-03
  3.45000E+03 -2.25000E+03  3.41177E-03
  3.55000E+03 -2.25000E+03  4.85952E-03
  3.65000E+03 -2.25000E+03  5.72070E-03
  3.75000E+03 -2.25000E+03  5.80475E-03
  3.85000E+03 -2.25000E+03  7.89208E-03
  3.95000E+03 -2.25000E+03  1.08843E-02
  5.00000E+01 -2.35000E+03  1.09321E-02
  1.50000E+02 -2.35000E+03  2.53948E-03
  2.50000E+02 -2.35000E+03  7.89898E-03
  3.50000E+02 -2.35000E+03  9.87891E-03
  4.50000E+02 -2.35000E+03  6.94869E-03
  5.50000E+02 -2.35000E+03  5.90034E-03
  6.50000E+02 -2.35000E+03  3.86497E-03
  7.50000E+02 -2.35000E+03  5.83181E-03
  8.50000E+02 -2.35000E+03  9.02176E-03
  9.50000E+02 -2.35000E+03  1.12754E-02
  1.05000E+03 -2.35000E+03  1.05120E-02
  1.15000E+03 -2.35000E+03  1.26086E-02
  1.25000E+03 -2.35000E+03  1.65314E-02
  1.35000E+03 -2.35000E+03  1.81205E-02
  1.45000E+03 -2.35000E+03  1.76493E-02
  1.55000E+03 -2.35000E+03  2.11885E-02
  1.65000E+03 -2.35000E+03  1.62908E-02
  1.75000E+03 -2.35000E+03  1.39178E-02
  1.85000E+03 -2.35000E+03  1.53147E-02
  1.95000E+03 -2.35000E+03  1.96172E-02
  2.05000E+03 -2.35000E+03  2.17579E-02
  2.15000E+03 -2.35000E+03  2.18884E-02
  2.25000E+03 -2.35000E+03  2.00169E-02
  2.35000E+03 -2.35000E+03  1.38451E-02
  2.45000E+03 -2.35000E+03  1.09668E-02
  2.55000E+03 -2.35000E+03  1.20394E-02
  2.65000E+03 -2.35000E+03  1.49037E-02
  2.75000E+03 -2.35000E+03  2.53206E-02
  2.85000E+03 -2.35000E+03  4.26407E-02
  2.95000E+03 -2.35000E+03  4.96735E-02
  3.05000E+03 -2.35000E+03  4.10571E-02
  3.15000E+03 -2.35000E+03  3.35375E-02
  3.25000E+03 -2.35000E+03  1.91303E-02
  3.35000E+03 -2.35000E+03  7.19796E-03
  3.45000E+03 -2.35000E+03  3.28173E-03
  3.55000E+03 -2.35000E+03  3.85552E-03
  3.65000E+03 -2.35000E+03  5.92760E-03
  3.75000E+03 -2.35000E+03  5.82204E-03
  3.85000E+03 -2.35000E+03  6.65568E-03
  3.95000E+03 -2.35000E+03  1.26854E-02
  5.00000E+01 -2.45000E+03  4.70361E-03
  1.50000E+02 -2.45000E+03  3.61155E-03
  2.50000E+02 -2.45000E+03  7.61634E-03
  3.50000E+02 -2.45000E+03  5.69748E-03
  4.50000E+02 -2.45000E+03  5.81200E-03
  5.50000E+02 -2.45000E+03  2.20779E-03
  6.50000E+02 -2.45000E+03  3.79272E-03
  7.50000E+02 -2.45000E+03  8.01267E-03
  8.50000E+02 -2.45000E+03  1.15695E-02
  9.50000E+02 -2.45000E+03  8.74064E-03
  1.05000E+03 -2.45000E+03  9.36462E-03
  1.15000E+03 -2.45000E+03  1.39703E-02
  1.25000E+03 -2.45000E+03  1.47286E-02
  1.35000E+03 -2.45000E+03  1.57198E-02
  1.45000E+03 -2.45000E+03  1.78389E-02
  1.55000E+03 -2.45000E+03  1.70378E-02
  1.65000E+03 -2.45000E+03  1.26956E-02
  1.75000E+03 -2.45000E+03  1.06531E-02
  1.85000E+03 -2.45000E+03  1.28084E-02
  1.95000E+03 -2.45000E+03  1.51131E-02
  2.05000E+03 -2.45000E+03  1.61731E-02
  2.15000E+03 -2.45000E+03  1.72920E-02
  2.25000E+03 -2.45000E+03  1.44445E-02
  2.35000E+03 -2.45000E+03  9.70038E-03
  2.45000E+03 -2.45000E+03  8.68838E-03
  2.55000E+03 -2.45000E+03  9.53915E-03
  2.65000E+03 -2.45000E+03  1.05567E-02
  2.75000E+03 -2.45000E+03  1.79004E-02
  2.85000E+03 -2.45000E+03  3.23844E-02
  2.95000E+03 -2.45000E+03  4.04879E-02
  3.05000E+03 -2.45000E+03  3.91946E-02
  3.15000E+03 -2.45000E+03  2.98060E-02
  3.25000E+03 -2.45000E+03  2.02851E-02
  3.35000E+03 -2.45000E+03  1.00409E-02
  3.45000E+03 -2.45000E+03  3.16585E-03
  3.55000E+03 -2.45000E+03  3.04415E-03
  3.65000E+03 -2.45000E+03  4.29266E-03
  3.75000E+03 -2.45000E+03  5.41027E-03
  3.85000E+03 -2.45000E+03  5.76770E-03
  3.95000E+03 -2.45000E+03  9.20395E-03
  5.00000E+01 -2.55000E+03  3.19601E-03
  1.50000E+02 -2.55000E+03  6.16300E-03
  2.50000E+02 -2.55000E+03  4.65355E-03
  3.50000E+02 -2.55000E+03  3.00640E-03
  4.50000E+02 -2.55000E+03  2.36881E-03
  5.50000E+02 -2.55000E+03  2.25659E-03
  6.50000E+02 -2.55000E+03  2.46073E-03
  7.50000E+02 -2.55000E+03  7.43157E-03
  8.50000E+02 -2.55000E+03  1.18267E-02
  9.50000E+02 -2.55000E+03  8.80405E-03
  1.05000E+03 -2.55000E+03  8.82411E-03
  1.15000E+03 -2.55000E+03  1.16412E-02
  1.25000E+03 -2.55000E+03  1.36032E-02
  1.35000E+03 -2.55000E+03  1.36976E-02
  1.45000E+03 -2.55000E+03  1.59726E-02
  1.55000E+03 -2.55000E+03  1.74553E-02
  1.65000E+03 -2.55000E+03  1.29730E-02
  1.75000E+03 -2.55000E+03  7.37578E-03
  1.85000E+03 -2.55000E+03  9.97516E-03
  1.95000E+03 -2.55000E+03  1.04809E-02
  2.05000E+03 -2.55000E+03  1.15967E-02
  2.15000E+03 -2.55000E+03  1.17950E-02
  2.25000E+03 -2.55000E+03  1.16205E-02
  2.35000E+03 -2.55000E+03  8.49093E-03
  2.45000E+03 -2.55000E+03  6.71267E-03
  2.55000E+03 -2.55000E+03  7.53830E-03
  2.65000E+03 -2.55000E+03  8.34917E-03
  2.75000E+03 -2.55000E+03  1.29276E-02
  2.85000E+03 -2.55000E+03  2.35498E-02
  2.95000E+03 -2.55000E+03  3.40034E-02
  3.05000E+03 -2.55000E+03  3.41406E-02
  3.15000E+03 -2.55000E+03  2.94436E-02
  3.25000E+03 -2.55000E+03  2.14002E-02
  3.35000E+03 -2.55000E+03  1.20723E-02
  3.45000E+03 -2.55000E+03  4.90338E-03
  3.55000E+03 -2.55000E+03  2.81336E-03
  3.65000E+03 -2.55000E+03  3.19820E-03
  3.75000E+03 -2.55000E+03  5.37423E-03
  3.85000E+03 -2.55000E+03  5.95053E-03
  3.95000E+03 -2.55000E+03  8.57886E-03
  5.00000E+01 -2.65000E+03  3.07383E-03
  1.50000E+02 -2.65000E+03  4.89831E-03
  2.50000E+02 -2.65000E+03  2.31733E-03
  3.50000E+02 -2.65000E+03  2.28935E-03
  4.50000E+02 -2.65000E+03  1.62220E-03
  5.50000E+02 -2.65000E+03  2.36163E-03
  6.50000E+02 -2.65000E+03  4.36565E-03
  7.50000E+02 -2.65000E+03  7.30611E-03
  8.50000E+02 -2.65000E+03  7.52830E-03
  9.50000E+02 -2.65000E+03  8.42379E-03
  1.05000E+03 -2.65000E+03  9.07641E-03
  1.15000E+03 -2.65000E+03  1.15975E-02
  1.25000E+03 -2.65000E+03  1.14676E-02
  1.35000E+03 -2.65000E+03  1.24264E-02
  1.45000E+03 -2.65000E+03  1.54933E-02
  1.55000E+03 -2.65000E+03  1.69049E-02
  1.65000E+03 -2.65000E+03  1.15353E-02
  1.75000E+03 -2.65000E+03  7.13411E-03
  1.85000E+03 -2.65000E+03  5.39059E-03
  1.95000E+03 -2.65000E+03  6.56653E-03
  2.05000E+03 -2.65000E+03  7.24014E-03
  2.15000E+03 -2.65000E+03  9.60236E-03
  2.25000E+03 -2.65000E+03  8.07551E-03
  2.35000E+03 -2.65000E+03  6.21949E-03
  2.45000E+03 -2.65000E+03  5.37727E-03
  2.55000E+03 -2.65000E+03  7.34416E-03
  2.65000E+03 -2.65000E+03  7.01690E-03
  2.75000E+03 -2.65000E+03  9.36375E-03
  2.85000E+03 -2.65000E+03  1.69503E-02
  2.95000E+03 -2.65000E+03  2.65174E-02
  3.05000E+03 -2.65000E+03  2.93103E-02
  3.15000E+03 -2.65000E+03  2.59147E-02
  3.25000E+03 -2.65000E+03  2.07731E-02
  3.35000E+03 -2.65000E+03  1.43127E-02
  3.45000E+03 -2.65000E+03  7.82478E-03
  3.55000E+03 -2.65000E+03  2.51936E-03
  3.65000E+03 -2.65000E+03  2.26612E-03
  3.75000E+03 -2.65000E+03  4.30265E-03
  3.85000E+03 -2.65000E+03  6.18477E-03
  3.95000E+03 -2.65000E+03  9.34955E-03
  5.00000E+01 -2.75000E+03  3.08575E-03
  1.50000E+02 -2.75000E+03  2.43369E-03
  2.50000E+02 -2.75000E+03  1.30828E-03
  3.50000E+02 -2.75000E+03  1.66669E-03
  4.50000E+02 -2.75000E+03  2.99319E-03
  5.50000E+02 -2.75000E+03  3.89023E-03
  6.50000E+02 -2.75000E+03  6.69821E-03
  7.50000E+02 -2.75000E+03  6.30228E-03
  8.50000E+02 -2.75000E+03  5.45883E-03
  9.50000E+02 -2.75000E+03  7.26207E-03
  1.05000E+03 -2.75000E+03  9.13302E-03
  1.15000E+03 -2.75000E+03  1.03081E-02
  1.25000E+03 -2.75000E+03  1.06209E-02
  1.35000E+03 -2.75000E+03  1.20713E-02
  1.45000E+03 -2.75000E+03  1.63792E-02
  1.55000E+03 -2.75000E+03  1.70069E-02
  1.65000E+03 -2.75000E+03  1.19670E-02
  1.75000E+03 -2.75000E+03  5.90680E-03
  1.85000E+03 -2.75000E+03  3.66649E-03
  1.95000E+03 -2.75000E+03  5.13806E-03
  2.05000E+03 -2.75000E+03  6.89126E-03
  2.15000E+03 -2.75000E+03  7.19627E-03
  2.25000E+03 -2.75000E+03  7.53919E-03
  2.35000E+03 -2.75000E+03  6.60532E-03
  2.45000E+03 -2.75000E+03  6.55549E-03
  2.55000E+03 -2.75000E+03  7.78944E-03
  2.65000E+03 -2.75000E+03  7.63394E-03
  2.75000E+03 -2.75000E+03  7.62558E-03
  2.85000E+03 -2.75000E+03  1.29744E-02
  2.95000E+03 -2.75000E+03  2.06196E-02
  3.05000E+03 -2.75000E+03  2.48840E-02
  3.15000E+03 -2.75000E+03  2.36105E-02
  3.25000E+03 -2.75000E+03  2.16630E-02
  3.35000E+03 -2.75000E+03  1.82432E-02
  3.45000E+03 -2.75000E+03  1.06334E-02
  3.55000E+03 -2.75000E+03  3.75425E-03
  3.65000E+03 -2.75000E+03  2.63956E-03
  3.75000E+03 -2.75000E+03  3.85429E-03
  3.85000E+03 -2.75000E+03  5.55946E-03
  3.95000E+03 -2.75000E+03  7.94005E-03
  5.00000E+01 -2.85000E+03  3.18283E-03
  1.50000E+02 -2.85000E+03  1.77977E-03
  2.50000E+02 -2.85000E+03  2.33754E-03
  3.50000E+02 -2.85000E+03  3.03127E-03
  4.50000E+02 -2.85000E+03  4.82215E-03
  5.50000E+02 -2.85000E+03  7.16934E-03
  6.50000E+02 -2.85000E+03  9.16370E-03
  7.50000E+02 -2.85000E+03  7.46745E-03
  8.50000E+02 -2.85000E+03  6.55660E-03
  9.50000E+02 -2.85000E+03  9.57370E-03
  1.05000E+03 -2.85000E+03  8.43477E-03
  1.15000E+03 -2.85000E+03  9.05820E-03
  1.25000E+03 -2.85000E+03  1.02411E-02
  1.35000E+03 -2.85000E+03  1.19689E-02
  1.45000E+03 -2.85000E+03  1.56549E-02
  1.55000E+03 -2.85000E+03  1.71464E-02
  1.65000E+03 -2.85000E+03  1.21147E-02
  1.75000E+03 -2.85000E+03  7.27419E-03
  1.85000E+03 -2.85000E+03  4.91825E-03
  1.95000E+03 -2.85000E+03  4.53135E-03
  2.05000E+03 -2.85000E+03  6.05914E-03
  2.15000E+03 -2.85000E+03  7.86531E-03
  2.25000E+03 -2.85000E+03  7.92227E-03
  2.35000E+03 -2.85000E+03  7.33184E-03
  2.45000E+03 -2.85000E+03  7.13821E-03
  2.55000E+03 -2.85000E+03  8.87350E-03
  2.65000E+03 -2.85000E+03  9.54875E-03
  2.75000E+03 -2.85000E+03  8.50619E-03
  2.85000E+03 -2.85000E+03  1.12153E-02
  2.95000E+03 -2.85000E+03  1.79188E-02
  3.05000E+03 -2.85000E+03  2.36330E-02
  3.15000E+03 -2.85000E+03  2.35528E-02
  3.25000E+03 -2.85000E+03  2.59074E-02
  3.35000E+03 -2.85000E+03  2.48137E-02
  3.45000E+03 -2.85000E+03  1.42781E-02
  3.55000E+03 -2.85000E+03  6.99292E-03
  3.65000E+03 -2.85000E+03  3.06124E-03
  3.75000E+03 -2.85000E+03  3.10771E-03
  3.85000E+03 -2.85000E+03  4.94012E-03
  3.95000E+03 -2.85000E+03  7.12911E-03
  5.00000E+01 -2.95000E+03  2.38009E-03
  1.50000E+02 -2.95000E+03  2.60228E-03
  2.50000E+02 -2.95000E+03  3.50241E-03
  3.50000E+02 -2.95000E+03  6.84291E-03
  4.50000E+02 -2.95000E+03  7.61098E-03
  5.50000E+02 -2.95000E+03  1.21498E-02
  6.50000E+02 -2.95000E+03  1.01166E-02
  7.50000E+02 -2.95000E+03  9.49612E-03
  8.50000E+02 -2.95000E+03  8.77082E-03
  9.50000E+02 -2.95000E+03  8.86461E-03
  1.05000E+03 -2.95000E+03  1.06193E-02
  1.15000E+03 -2.95000E+03  8.44399E-03
  1.25000E+03 -2.95000E+03  1.04769E-02
  1.35000E+03 -2.95000E+03  1.33113E-02
  1.45000E+03 -2.95000E+03  1.67906E-02
  1.55000E+03 -2.95000E+03  1.69321E-02
  1.65000E+03 -2.95000E+03  1.16750E-02
  1.75000E+03 -2.95000E+03  7.36756E-03
  1.85000E+03 -2.95000E+03  6.24134E-03
  1.95000E+03 -2.95000E+03  6.42043E-03
  2.05000E+03 -2.95000E+03  5.04073E-03
  2.15000E+03 -2.95000E+03  7.10844E-03
  2.25000E+03 -2.95000E+03  7.42749E-03
  2.35000E+03 -2.95000E+03  7.79128E-03
  2.45000E+03 -2.95000E+03  7.87421E-03
  2.55000E+03 -2.95000E+03  1.11726E-02
  2.65000E+03 -2.95000E+03  1.07197E-02
  2.75000E+03 -2.95000E+03  9.40681E-03
  2.85000E+03 -2.95000E+03  1.34141E-02
  2.95000E+03 -2.95000E+03  1.89022E-02
  3.05000E+03 -2.95000E+03  2.45276E-02
  3.15000E+03 -2.95000E+03  2.75483E-02
  3.25000E+03 -2.95000E+03  2.85194E-02
  3.35000E+03 -2.95000E+03  2.50293E-02
  3.45000E+03 -2.95000E+03  1.78117E-02
  3.55000E+03 -2.95000E+03  1.01291E-02
  3.65000E+03 -2.95000E+03  4.64719E-03
  3.75000E+03 -2.95000E+03  3.20833E-03
  3.85000E+03 -2.95000E+03  3.88004E-03
  3.95000E+03 -2.95000E+03  5.92480E-03
  5.00000E+01 -3.05000E+03  3.43402E-03
  1.50000E+02 -3.05000E+03  4.06603E-03
  2.50000E+02 -3.05000E+03  6.23252E-03
  3.50000E+02 -3.05000E+03  8.63502E-03
  4.50000E+02 -3.05000E+03  1.14001E-02
  5.50000E+02 -3.05000E+03  1.38345E-02
  6.50000E+02 -3.05000E+03  1.25554E-02
  7.50000E+02 -3.05000E+03  9.38161E-03
  8.50000E+02 -3.05000E+03  7.87645E-03
  9.50000E+02 -3.05000E+03  8.92471E-03
  1.05000E+03 -3.05000E+03  1.21447E-02
  1.15000E+03 -3.05000E+03  1.08862E-02
  1.25000E+03 -3.05000E+03  1.29961E-02
  1.35000E+03 -3.05000E+03  1.71030E-02
  1.45000E+03 -3.05000E+03  1.87029E-02
  1.55000E+03 -3.05000E+03  1.64557E-02
  1.65000E+03 -3.05000E+03  1.15762E-02
  1.75000E+03 -3.05000E+03  6.06834E-03
  1.85000E+03 -3.05000E+03  3.72766E-03
  1.95000E+03 -3.05000E+03  3.56560E-03
  2.05000E+03 -3.05000E+03  3.33939E-03
  2.15000E+03 -3.05000E+03  5.01460E-03
  2.25000E+03 -3.05000E+03  7.72055E-03
  2.35000E+03 -3.05000E+03  8.40377E-03
  2.45000E+03 -3.05000E+03  8.59316E-03
  2.55000E+03 -3.05000E+03  1.01484E-02
  2.65000E+03 -3.05000E+03  1.11295E-02
  2.75000E+03 -3.05000E+03  1.15944E-02
  2.85000E+03 -3.05000E+03  1.51126E-02
  2.95000E+03 -3.05000E+03  2.20393E-02
  3.05000E+03 -3.05000E+03  2.40086E-02
  3.15000E+03 -3.05000E+03  2.50058E-02
  3.25000E+03 -3.05000E+03  2.76329E-02
  3.35000E+03 -3.05000E+03  2.73226E-02
  3.45000E+03 -3.05000E+03  2.13291E-02
  3.55000E+03 -3.05000E+03  1.30734E-02
  3.65000E+03 -3.05000E+03  8.41496E-03
  3.75000E+03 -3.05000E+03  4.19284E-03
  3.85000E+03 -3.05000E+03  3.70480E-03
  3.95000E+03 -3.05000E+03  5.85861E-03
  5.00000E+01 -3.15000E+03  4.74481E-03
  1.50000E+02 -3.15000E+03  6.41354E-03
  2.50000E+02 -3.15000E+03  1.01018E-02
  3.50000E+02 -3.15000E+03  1.16536E-02
  4.50000E+02 -3.15000E+03  1.68632E-02
  5.50000E+02 -3.15000E+03  1.52603E-02
  6.50000E+02 -3.15000E+03  1.33578E-02
  7.50000E+02 -3.15000E+03  9.53828E-03
  8.50000E+02 -3.15000E+03  7.34168E-03
  9.50000E+02 -3.15000E+03  8.33647E-03
  1.05000E+03 -3.15000E+03  1.02194E-02
  1.15000E+03 -3.15000E+03  9.82298E-03
  1.25000E+03 -3.15000E+03  1.38419E-02
  1.35000E+03 -3.15000E+03  1.82596E-02
  1.45000E+03 -3.15000E+03  1.84956E-02
  1.55000E+03 -3.15000E+03  1.60862E-02
  1.65000E+03 -3.15000E+03  1.28218E-02
  1.75000E+03 -3.15000E+03  6.37396E-03
  1.85000E+03 -3.15000E+03  2.40833E-03
  1.95000E+03 -3.15000E+03  2.29093E-03
  2.05000E+03 -3.15000E+03  2.66306E-03
  2.15000E+03 -3.15000E+03  6.11205E-03
  2.25000E+03 -3.15000E+03  8.89544E-03
  2.35000E+03 -3.15000E+03  9.72509E-03
  2.45000E+03 -3.15000E+03  1.00617E-02
  2.55000E+03 -3.15000E+03  1.13403E-02
  2.65000E+03 -3.15000E+03  1.18440E-02
  2.75000E+03 -3.15000E+03  1.14773E-02
  2.85000E+03 -3.15000E+03  1.28675E-02
  2.95000E+03 -3.15000E+03  1.76179E-02
  3.05000E+03 -3.15000E+03  2.22373E-02
  3.15000E+03 -3.15000E+03  2.62050E-02
  3.25000E+03 -3.15000E+03  2.77755E-02
  3.35000E+03 -3.15000E+03  2.93078E-02
  3.45000E+03 -3.15000E+03  2.45467E-02
  3.55000E+03 -3.15000E+03  1.59026E-02
  3.65000E+03 -3.15000E+03  1.10274E-02
  3.75000E+03 -3.15000E+03  6.86206E-03
  3.85000E+03 -3.15000E+03  4.53712E-03
  3.95000E+03 -3.15000E+03  5.06805E-03
  5.00000E+01 -3.25000E+03  6.44121E-03
  1.50000E+02 -3.25000E+03  9.71740E-03
  2.50000E+02 -3.25000E+03  1.85806E-02
  3.50000E+02 -3.25000E+03  1.58548E-02
  4.50000E+02 -3.25000E+03  1.93527E-02
  5.50000E+02 -3.25000E+03  1.68845E-02
  6.50000E+02 -3.25000E+03  1.31071E-02
  7.50000E+02 -3.25000E+03  9.32217E-03
  8.50000E+02 -3.25000E+03  8.07775E-03
  9.50000E+02 -3.25000E+03  8.51948E-03
  1.05000E+03 -3.25000E+03  1.20595E-02
  1.15000E+03 -3.25000E+03  1.18728E-02
  1.25000E+03 -3.25000E+03  1.67489E-02
  1.35000E+03 -3.25000E+03  1.83328E-02
  1.45000E+03 -3.25000E+03  1.83431E-02
  1.55000E+03 -3.25000E+03  1.51579E-02
  1.65000E+03 -3.25000E+03  1.02724E-02
  1.75000E+03 -3.25000E+03  4.30117E-03
  1.85000E+03 -3.25000E+03  2.02447E-03
  1.95000E+03 -3.25000E+03  1.98873E-03
  2.05000E+03 -3.25000E+03  2.49397E-03
  2.15000E+03 -3.25000E+03  4.84403E-03
  2.25000E+03 -3.25000E+03  8.24242E-03
  2.35000E+03 -3.25000E+03  9.88475E-03
  2.45000E+03 -3.25000E+03  9.30014E-03
  2.55000E+03 -3.25000E+03  1.18372E-02
  2.65000E+03 -3.25000E+03  1.23677E-02
  2.75000E+03 -3.25000E+03  1.18514E-02
  2.85000E+03 -3.25000E+03  1.23185E-02
  2.95000E+03 -3.25000E+03  1.61304E-02
  3.05000E+03 -3.25000E+03  2.12096E-02
  3.15000E+03 -3.25000E+03  2.64616E-02
  3.25000E+03 -3.25000E+03  2.84036E-02
  3.35000E+03 -3.25000E+03  3.00374E-02
  3.45000E+03 -3.25000E+03  2.69693E-02
  3.55000E+03 -3.25000E+03  1.97406E-02
  3.65000E+03 -3.25000E+03  1.45943E-02
  3.75000E+03 -3.25000E+03  8.84390E-03
  3.85000E+03 -3.25000E+03  6.10768E-03
  3.95000E+03 -3.25000E+03  4.92575E-03
  5.00000E+01 -3.35000E+03  8.20382E-03
  1.50000E+02 -3.35000E+03  1.34257E-02
  2.50000E+02 -3.35000E+03  1.62828E-02
  3.50000E+02 -3.35000E+03  1.87397E-02
  4.50000E+02 -3.35000E+03  1.90774E-02
  5.50000E+02 -3.35000E+03  1.58829E-02
  6.50000E+02 -3.35000E+03  1.20481E-02
  7.50000E+02 -3.35000E+03  8.45170E-03
  8.50000E+02 -3.35000E+03  7.62523E-03
  9.50000E+02 -3.35000E+03  8.14449E-03
  1.05000E+03 -3.35000E+03  8.64107E-03
  1.15000E+03 -3.35000E+03  1.19021E-02
  1.25000E+03 -3.35000E+03  1.56298E-02
  1.35000E+03 -3.35000E+03  1.80418E-02
  1.45000E+03 -3.35000E+03  1.71714E-02
  1.55000E+03 -3.35000E+03  1.43026E-02
  1.65000E+03 -3.35000E+03  8.30526E-03
  1.75000E+03 -3.35000E+03  3.66445E-03
  1.85000E+03 -3.35000E+03  2.18242E-03
  1.95000E+03 -3.35000E+03  2.53991E-03
  2.05000E+03 -3.35000E+03  2.93165E-03
  2.15000E+03 -3.35000E+03  4.40339E-03
  2.25000E+03 -3.35000E+03  7.54951E-03
  2.35000E+03 -3.35000E+03  9.52524E-03
  2.45000E+03 -3.35000E+03  1.01543E-02
  2.55000E+03 -3.35000E+03  1.05975E-02
  2.65000E+03 -3.35000E+03  1.18999E-02
  2.75000E+03 -3.35000E+03  1.15358E-02
  2.85000E+03 -3.35000E+03  1.22647E-02
  2.95000E+03 -3.35000E+03  1.37248E-02
  3.05000E+03 -3.35000E+03  2.09837E-02
  3.15000E+03 -3.35000E+03  2.47247E-02
  3.25000E+03 -3.35000E+03  2.79967E-02
  3.35000E+03 -3.35000E+03  3.08006E-02
  3.45000E+03 -3.35000E+03  2.85868E-02
  3.55000E+03 -3.35000E+03  2.55012E-02
  3.65000E+03 -3.35000E+03  1.60532E-02
  3.75000E+03 -3.35000E+03  1.11052E-02
  3.85000E+03 -3.35000E+03  7.99676E-03
  3.95000E+03 -3.35000E+03  5.38406E-03
  5.00000E+01 -3.45000E+03  1.01049E-02
  1.50000E+02 -3.45000E+03  1.90266E-02
  2.50000E+02 -3.45000E+03  1.96111E-02
  3.50000E+02 -3.45000E+03  2.06919E-02
  4.50000E+02 -3.45000E+03  1.87574E-02
  5.50000E+02 -3.45000E+03  1.79484E-02
  6.50000E+02 -3.45000E+03  1.01428E-02
  7.50000E+02 -3.45000E+03  8.93881E-03
  8.50000E+02 -3.45000E+03  7.22054E-03
  9.50000E+02 -3.45000E+03  7.28020E-03
  1.05000E+03 -3.45000E+03  1.03631E-02
  1.15000E+03 -3.45000E+03  1.26142E-02
  1.25000E+03 -3.45000E+03  1.60400E-02
  1.35000E+03 -3.45000E+03  1.87664E-02
  1.45000E+03 -3.45000E+03  1.70221E-02
  1.55000E+03 -3.45000E+03  1.33155E-02
  1.65000E+03 -3.45000E+03  7.47240E-03
  1.75000E+03 -3.45000E+03  3.07963E-03
  1.85000E+03 -3.45000E+03  2.63800E-03
  1.95000E+03 -3.45000E+03  2.98261E-03
  2.05000E+03 -3.45000E+03  3.69400E-03
  2.15000E+03 -3.45000E+03  4.40336E-03
  2.25000E+03 -3.45000E+03  6.06209E-03
  2.35000E+03 -3.45000E+03  8.92118E-03
  2.45000E+03 -3.45000E+03  9.39901E-03
  2.55000E+03 -3.45000E+03  1.00862E-02
  2.65000E+03 -3.45000E+03  1.04807E-02
  2.75000E+03 -3.45000E+03  1.13825E-02
  2.85000E+03 -3.45000E+03  1.18393E-02
  2.95000E+03 -3.45000E+03  1.27943E-02
  3.05000E+03 -3.45000E+03  1.68980E-02
  3.15000E+03 -3.45000E+03  2.33351E-02
  3.25000E+03 -3.45000E+03  2.68316E-02
  3.35000E+03 -3.45000E+03  3.00453E-02
  3.45000E+03 -3.45000E+03  2.98257E-02
  3.55000E+03 -3.45000E+03  2.62316E-02
  3.65000E+03 -3.45000E+03  2.13338E-02
  3.75000E+03 -3.45000E+03  1.51434E-02
  3.85000E+03 -3.45000E+03  9.44036E-03
  3.95000E+03 -3.45000E+03  6.73639E-03
  5.00000E+01 -3.55000E+03  1.26630E-02
  1.50000E+02 -3.55000E+03  1.94334E-02
  2.50000E+02 -3.55000E+03  1.90770E-02
  3.50000E+02 -3.55000E+03  2.08596E-02
  4.50000E+02 -3.55000E+03  1.81081E-02
  5.50000E+02 -3.55000E+03  1.34216E-02
  6.50000E+02 -3.55000E+03  9.68081E-03
  7.50000E+02 -3.55000E+03  8.08410E-03
  8.50000E+02 -3.55000E+03  7.25634E-03
  9.50000E+02 -3.55000E+03  8.04195E-03
  1.05000E+03 -3.55000E+03  1.07810E-02
  1.15000E+03 -3.55000E+03  1.33469E-02
  1.25000E+03 -3.55000E+03  1.66759E-02
  1.35000E+03 -3.55000E+03  1.81724E-02
  1.45000E+03 -3.55000E+03  1.68714E-02
  1.55000E+03 -3.55000E+03  1.26892E-02
  1.65000E+03 -3.55000E+03  7.33717E-03
  1.75000E+03 -3.55000E+03  3.85600E-03
  1.85000E+03 -3.55000E+03  2.98910E-03
  1.95000E+03 -3.55000E+03  3.72905E-03
  2.05000E+03 -3.55000E+03  3.58812E-03
  2.15000E+03 -3.55000E+03  4.67446E-03
  2.25000E+03 -3.55000E+03  6.15812E-03
  2.35000E+03 -3.55000E+03  9.38378E-03
  2.45000E+03 -3.55000E+03  9.32992E-03
  2.55000E+03 -3.55000E+03  8.82136E-03
  2.65000E+03 -3.55000E+03  1.14358E-02
  2.75000E+03 -3.55000E+03  1.06226E-02
  2.85000E+03 -3.55000E+03  1.19333E-02
  2.95000E+03 -3.55000E+03  1.26305E-02
  3.05000E+03 -3.55000E+03  1.43004E-02
  3.15000E+03 -3.55000E+03  1.95474E-02
  3.25000E+03 -3.55000E+03  2.60887E-02
  3.35000E+03 -3.55000E+03  2.86329E-02
  3.45000E+03 -3.55000E+03  2.97647E-02
  3.55000E+03 -3.55000E+03  2.64626E-02
  3.65000E+03 -3.55000E+03  2.31114E-02
  3.75000E+03 -3.55000E+03  1.64485E-02
  3.85000E+03 -3.55000E+03  1.23583E-02
  3.95000E+03 -3.55000E+03  8.12673E-03
  5.00000E+01 -3.65000E+03  1.73397E-02
  1.50000E+02 -3.65000E+03  1.88148E-02
  2.50000E+02 -3.65000E+03  2.06611E-02
  3.50000E+02 -3.65000E+03  2.00878E-02
  4.50000E+02 -3.65000E+03  1.65823E-02
  5.50000E+02 -3.65000E+03  1.10044E-02
  6.50000E+02 -3.65000E+03  8.12226E-03
  7.50000E+02 -3.65000E+03  7.14987E-03
  8.50000E+02 -3.65000E+03  7.95393E-03
  9.50000E+02 -3.65000E+03  9.06446E-03
  1.05000E+03 -3.65000E+03  1.17858E-02
  1.15000E+03 -3.65000E+03  1.37103E-02
  1.25000E+03 -3.65000E+03  1.61673E-02
  1.35000E+03 -3.65000E+03  1.66957E-02
  1.45000E+03 -3.65000E+03  1.49251E-02
  1.55000E+03 -3.65000E+03  1.12600E-02
  1.65000E+03 -3.65000E+03  5.93384E-03
  1.75000E+03 -3.65000E+03  3.93347E-03
  1.85000E+03 -3.65000E+03  3.66499E-03
  1.95000E+03 -3.65000E+03  4.39965E-03
  2.05000E+03 -3.65000E+03  4.42059E-03
  2.15000E+03 -3.65000E+03  4.48707E-03
  2.25000E+03 -3.65000E+03  5.95479E-03
  2.35000E+03 -3.65000E+03  6.94960E-03
  2.45000E+03 -3.65000E+03  8.22851E-03
  2.55000E+03 -3.65000E+03  7.75696E-03
  2.65000E+03 -3.65000E+03  9.59090E-03
  2.75000E+03 -3.65000E+03  1.05001E-02
  2.85000E+03 -3.65000E+03  1.13095E-02
  2.95000E+03 -3.65000E+03  9.96698E-03
  3.05000E+03 -3.65000E+03  1.29308E-02
  3.15000E+03 -3.65000E+03  1.62620E-02
  3.25000E+03 -3.65000E+03  2.13385E-02
  3.35000E+03 -3.65000E+03  2.69282E-02
  3.45000E+03 -3.65000E+03  2.93736E-02
  3.55000E+03 -3.65000E+03  2.73996E-02
  3.65000E+03 -3.65000E+03  2.47339E-02
  3.75000E+03 -3.65000E+03  1.97484E-02
  3.85000E+03 -3.65000E+03  1.57153E-02
  3.95000E+03 -3.65000E+03  9.96597E-03
  5.00000E+01 -3.75000E+03  1.77034E-02
  1.50000E+02 -3.75000E+03  1.72621E-02
  2.50000E+02 -3.75000E+03  2.08652E-02
  3.50000E+02 -3.75000E+03  1.91531E-02
  4.50000E+02 -3.75000E+03  1.41382E-02
  5.50000E+02 -3.75000E+03  9.35144E-03
  6.50000E+02 -3.75000E+03  7.56001E-03
  7.50000E+02 -3.75000E+03  7.73606E-03
  8.50000E+02 -3.75000E+03  9.01043E-03
  9.50000E+02 -3.75000E+03  1.05129E-02
  1.05000E+03 -3.75000E+03  1.28087E-02
  1.15000E+03 -3.75000E+03  1.47495E-02
  1.25000E+03 -3.75000E+03  1.59895E-02
  1.35000E+03 -3.75000E+03  1.65193E-02
  1.45000E+03 -3.75000E+03  1.53875E-02
  1.55000E+03 -3.75000E+03  1.07692E-02
  1.65000E+03 -3.75000E+03  6.60549E-03
  1.75000E+03 -3.75000E+03  4.26463E-03
  1.85000E+03 -3.75000E+03  5.49762E-03
  1.95000E+03 -3.75000E+03  5.26122E-03
  2.05000E+03 -3.75000E+03  4.16843E-03
  2.15000E+03 -3.75000E+03  4.84280E-03
  2.25000E+03 -3.75000E+03  5.52874E-03
  2.35000E+03 -3.75000E+03  6.10153E-03
  2.45000E+03 -3.75000E+03  6.80334E-03
  2.55000E+03 -3.75000E+03  7.21003E-03
  2.65000E+03 -3.75000E+03  8.49335E-03
  2.75000E+03 -3.75000E+03  1.01754E-02
  2.85000E+03 -3.75000E+03  1.03248E-02
  2.95000E+03 -3.75000E+03  9.94820E-03
  3.05000E+03 -3.75000E+03  1.12270E-02
  3.15000E+03 -3.75000E+03  1.50844E-02
  3.25000E+03 -3.75000E+03  2.08011E-02
  3.35000E+03 -3.75000E+03  2.51087E-02
  3.45000E+03 -3.75000E+03  2.81641E-02
  3.55000E+03 -3.75000E+03  2.98152E-02
  3.65000E+03 -3.75000E+03  2.57524E-02
  3.75000E+03 -3.75000E+03  2.06204E-02
  3.85000E+03 -3.75000E+03  1.67452E-02
  3.95000E+03 -3.75000E+03  1.17983E-02
  5.00000E+01 -3.85000E+03  1.56657E-02
  1.50000E+02 -3.85000E+03  1.82560E-02
  2.50000E+02 -3.85000E+03  1.99441E-02
  3.50000E+02 -3.85000E+03  1.50036E-02
  4.50000E+02 -3.85000E+03  1.04704E-02
  5.50000E+02 -3.85000E+03  8.96770E-03
  6.50000E+02 -3.85000E+03  7.58325E-03
  7.50000E+02 -3.85000E+03  8.23957E-03
  8.50000E+02 -3.85000E+03  9.45274E-03
  9.50000E+02 -3.85000E+03  1.14523E-02
  1.05000E+03 -3.85000E+03  1.34896E-02
  1.15000E+03 -3.85000E+03  1.54023E-02
  1.25000E+03 -3.85000E+03  1.72259E-02
  1.35000E+03 -3.85000E+03  1.72263E-02
  1.45000E+03 -3.85000E+03  1.38735E-02
  1.55000E+03 -3.85000E+03  1.00925E-02
  1.65000E+03 -3.85000E+03  6.09832E-03
  1.75000E+03 -3.85000E+03  4.57936E-03
  1.85000E+03 -3.85000E+03  5.17156E-03
  1.95000E+03 -3.85000E+03  5.18168E-03
  2.05000E+03 -3.85000E+03  5.10426E-03
  2.15000E+03 -3.85000E+03  5.38592E-03
  2.25000E+03 -3.85000E+03  5.99142E-03
  2.35000E+03 -3.85000E+03  6.01279E-03
  2.45000E+03 -3.85000E+03  6.62425E-03
  2.55000E+03 -3.85000E+03  6.34820E-03
  2.65000E+03 -3.85000E+03  7.70345E-03
  2.75000E+03 -3.85000E+03  8.58344E-03
  2.85000E+03 -3.85000E+03  9.49534E-03
  2.95000E+03 -3.85000E+03  9.42013E-03
  3.05000E+03 -3.85000E+03  1.08983E-02
  3.15000E+03 -3.85000E+03  1.33791E-02
  3.25000E+03 -3.85000E+03  1.76954E-02
  3.35000E+03 -3.85000E+03  2.36587E-02
  3.45000E+03 -3.85000E+03  2.75607E-02
  3.55000E+03 -3.85000E+03  2.80940E-02
  3.65000E+03 -3.85000E+03  2.55815E-02
  3.75000E+03 -3.85000E+03  2.18290E-02
  3.85000E+03 -3.85000E+03  1.85961E-02
  3.95000E+03 -3.85000E+03  1.47394E-02
  5.00000E+01 -3.95000E+03  1.45559E-02
  1.50000E+02 -3.95000E+03  1.69445E-02
  2.50000E+02 -3.95000E+03  1.62245E-02
  3.50000E+02 -3.95000E+03  1.24605E-02
  4.50000E+02 -3.95000E+03  9.41024E-03
  5.50000E+02 -3.95000E+03  9.11521E-03
  6.50000E+02 -3.95000E+03  8.41586E-03
  7.50000E+02 -3.95000E+03  8.85598E-03
  8.50000E+02 -3.95000E+03  1.09200E-02
  9.50000E+02 -3.95000E+03  1.23685E-02
  1.05000E+03 -3.95000E+03  1.43000E-02
  1.15000E+03 -3.95000E+03  1.62938E-02
  1.25000E+03 -3.95000E+03  1.72216E-02
  1.35000E+03 -3.95000E+03  1.71110E-02
  1.45000E+03 -3.95000E+03  1.41618E-02
  1.55000E+03 -3.95000E+03  9.90145E-03
  1.65000E+03 -3.95000E+03  5.85858E-03
  1.75000E+03 -3.95000E+03  4.12223E-03
  1.85000E+03 -3.95000E+03  4.13511E-03
  1.95000E+03 -3.95000E+03  4.62728E-03
  2.05000E+03 -3.95000E+03  5.03739E-03
  2.15000E+03 -3.95000E+03  5.00143E-03
  2.25000E+03 -3.95000E+03  5.39597E-03
  2.35000E+03 -3.95000E+03  6.46256E-03
  2.45000E+03 -3.95000E+03  6.43301E-03
  2.55000E+03 -3.95000E+03  6.37161E-03
  2.65000E+03 -3.95000E+03  6.80819E-03
  2.75000E+03 -3.95000E+03  6.98300E-03
  2.85000E+03 -3.95000E+03  8.88016E-03
  2.95000E+03 -3.95000E+03  9.36673E-03
  3.05000E+03 -3.95000E+03  1.04937E-02
  3.15000E+03 -3.95000E+03  1.28362E-02
  3.25000E+03 -3.95000E+03  1.72171E-02
  3.35000E+03 -3.95000E+03  2.18520E-02
  3.45000E+03 -3.95000E+03  2.71469E-02
  3.55000E+03 -3.95000E+03  2.89321E-02
  3.65000E+03 -3.95000E+03  2.72404E-02
  3.75000E+03 -3.95000E+03  2.39224E-02
  3.85000E+03 -3.95000E+03  2.02186E-02
  3.95000E+03 -3.95000E+03  1.65665E-02
